-10.0	0.27781870431623823	0.2855711155515286	
-9.719438877755511	0.5376732239401232	1.2545841917166676	
-9.67935871743487	0.5810297854302573	0.3846843814239891	
-9.639278557114228	0.624577912415018	0.4254915488363302	
-9.559118236472946	0.7103543007499156	0.5392108879538005	
-9.478957915831664	0.7913539979852393	0.9829746651726912	
-9.278557114228457	0.9531436902845951	1.0526287445695044	
-9.238476953907815	0.9763684916904223	0.8747012988067632	
-8.997995991983968	1.0450617855810067	1.5210384423361003	
-8.957915831663327	1.045668936264097	0.8660424877850986	
-8.877755511022045	1.0395794345276594	1.535248945698195	
-8.837675350701403	1.0335174356123384	1.0857317041704466	
-8.797595190380761	1.0259110675407441	0.9373056720123663	
-8.517034068136272	0.9616409969497862	1.3079360473955148	
-8.396793587174349	0.9487238072709041	1.0401250526794485	
-8.316633266533067	0.9514019436036041	1.4485926552398114	
-8.156312625250502	0.9914639910275953	1.213897649429934	
-7.955911823647295	1.1138972277303154	1.2701344850010468	
-7.915831663326653	1.1477797515972716	1.6002061879215135	
-7.875751503006012	1.1844866924693753	0.9721977512769905	
-7.595190380761523	1.4984575358421734	1.7566356711382463	
-7.394789579158317	1.7359610791167892	1.9339852603625822	
-7.274549098196393	1.8577221659744207	1.8755545493165906	
-7.19438877755511	1.9233746812059411	1.9281511976904693	
-7.074148296593187	1.9925596252018778	1.7373341898560781	
-6.953907815631263	2.0231704038668337	2.097503581656682	
-6.913827655310621	2.024871615676	2.014069666810704	
-6.793587174348698	2.007312614271804	1.7803427806167778	
-6.753507014028056	1.9950694405321296	2.162838144097009	
-6.55310621242485	1.908313515634665	2.0377834105723283	
-6.472945891783567	1.8729406463248752	2.1222709279443053	
-6.152304609218437	1.8442011198447403	2.1767887018910073	
-5.991983967935872	1.936920721213192	1.8835255561043296	
-5.390781563126253	2.6647193848469417	2.8575706463648296	
-5.270541082164329	2.771610555477741	2.8369022353509665	
-5.150300601202405	2.8337676453135154	2.3629363427766767	
-5.070140280561122	2.847369551957871	3.116758604111463	
-5.030060120240481	2.8455978131798205	2.6710375875326147	
-4.869739478957916	2.7834162731629544	2.640596796806218	
-4.829659318637275	2.755133015262249	3.13345313086415	
-4.7494989979959925	2.6854611850375543	3.023002365756099	
-4.709418837675351	2.644871878972952	3.171532176265218	
-4.66933867735471	2.601038293262447	2.6976052213609227	
-4.5490981963927855	2.454968637230442	2.5991198170632193	
-4.509018036072145	2.4031418081278826	2.5599659767855423	
-4.268537074148297	2.096069926984752	2.3197266006097816	
-4.028056112224449	1.8683357167387857	1.694484910769494	
-3.987975951903808	1.843437990880326	1.7839149146381788	
-3.8677354709418843	1.794429339177235	2.0827056219596365	
-3.7875751503006017	1.7830839237035845	1.6702415537149777	
-3.74749498997996	1.7834677907623968	2.703424996869889	
-3.1863727454909823	1.9930391230223674	1.6686245279064738	
-2.985971943887776	2.002606466449949	1.8358190847258913	
-2.9458917835671343	1.991661509054569	2.205458486008292	
-2.825651302605211	1.9301066553966586	2.3570246552458567	
-2.6653306613226455	1.783164139976397	1.616336980221619	
-2.545090180360722	1.6324128392588624	1.917272664693681	
-2.304609218436874	1.2740883842878312	1.2464052778342924	
-2.0240480961923852	0.8680370035664624	1.069351585978908	
-1.5430861723446903	0.446098198024131	0.38661320605855415	
-1.4629258517034067	0.4149087509363011	0.4534698402240671	
-1.3426853707414832	0.38824748236029716	0.28174615003378406	
-1.1022044088176361	0.4060108325016224	-0.03758628810658737	
-0.9819639278557126	0.4489008905139743	0.5709025267389016	
-0.9418837675350709	0.4677528314112308	0.6826496294341452	
-0.4208416833667332	0.8135097636206976	1.1372997708192112	
-0.38076152304609323	0.8377732019778755	0.9268208339702685	
0.020040080160320883	0.9509671927800969	1.066206013737284	
0.1402805611222444	0.9332673510459502	0.8188850717329199	
0.3406813627254497	0.8616634203267415	1.271337833721736	
0.38076152304609145	0.8426846803198298	0.060405654298559375	
0.4208416833667332	0.8225966675558395	0.6485670730650019	
0.5811623246492985	0.7345018278908525	0.8314131999613045	
0.701402805611222	0.6640905302474078	0.34854307193283257	
0.7414829659318638	0.6403311906390122	0.8592166658007738	
0.7815631262525038	0.6165425500214139	0.47089042625330635	
0.8617234468937873	0.5690798452464157	0.81978971042281	
0.9018036072144291	0.5454896989161595	0.8938574307664865	
1.0621242484969944	0.45292827324742935	0.6021364330491839	
1.1022044088176344	0.43043465164541994	0.269872516649707	
1.2625250501001997	0.344590748171957	0.4093566586947751	
1.3026052104208414	0.32449294502137915	-0.302191649791539	
1.3426853707414832	0.30508875675725433	0.09886209087286453	
1.623246492985972	0.19469063273352638	0.31239630749713215	
1.7434869739478955	0.16342455132653477	0.44159417805989476	
1.863727454909819	0.1412659788737698	0.26557374327150357	
2.0240480961923843	0.12120449693471269	-0.37513536577415796	
2.304609218436873	0.08387146857749805	0.006250027643688969	
2.4649298597194385	0.04555690394266598	0.2956534124433563	
2.50501002004008	0.03343324245943735	-0.11310026947114285	
2.6653306613226455	-0.023201174303244754	-0.431567215690656	
2.785571142284569	-0.06962226544363626	0.10253596893710533	
2.865731462925851	-0.09912975523544487	-0.2643756332568808	
2.9058116232464926	-0.1127028649805848	0.02142701916275675	
2.9458917835671343	-0.12516078781087847	0.0014275311256359605	
2.9859719438877743	-0.1362724558151609	0.0332614138330874	
3.066132264529058	-0.15363351271281522	-0.16694499895975048	
3.1062124248496996	-0.15953685554732244	0.28868074635504876	
3.1462925851703396	-0.16341039959075965	0.05795095623484777	
3.226452905811623	-0.16474783361830858	-0.27170056434386236	
3.3466933867735467	-0.15054074538914541	-0.28612164184928496	
3.46693386773547	-0.11861098102718959	-0.14239410936802446	
3.507014028056112	-0.10471889498205766	0.6616886013938302	
3.5470941883767537	-0.08953777274931984	-0.11184936141248797	
3.6673346693386772	-0.03860955180575587	0.5773659640505509	
3.7875751503006008	0.015207781627653683	-0.31153079300436975	
3.8677354709418825	0.049494159760817835	-0.5710755703503716	
3.9078156312625243	0.06551710579353043	-0.3493442686473036	
3.947895791583166	0.08054922625856253	-0.5110667214205813	
3.987975951903808	0.0944344930966089	-0.05409268514767003	
4.028056112224448	0.10704033621321019	-0.32479301337757044	
4.06813627254509	0.1182586561037956	-0.08449384894397127	
4.188376753507013	0.14288404909576924	-0.09999141371433397	
4.308617234468937	0.15353093222129977	0.27518318154650556	
4.589178356713425	0.13287907806327748	-0.20796381217799254	
4.749498997995991	0.10638424148383929	0.44560182331263853	
4.829659318637274	0.09388352116954057	-0.20383425712749825	
4.869739478957916	0.08852161499129985	0.07414792748470846	
4.98997995991984	0.07831540779010893	0.08951582906525245	
5.0300601202404795	0.07747423539099785	0.30978029871675244	
5.070140280561121	0.07818655174171629	0.7870788947171988	
5.110220440881763	0.08059605711369766	0.20366562099486915	
5.31062124248497	0.12202254491790498	-0.24830035824431257	
5.430861723446894	0.1729461913251068	0.1328735443365221	
5.470941883767534	0.19446580346483888	0.09207298238705057	
5.591182364729459	0.2726280330439953	0.22133732740121215	
5.791583166332664	0.4469349475138372	1.1452982966463519	
5.9519038076152295	0.6236650554220899	0.2736706627129575	
6.23246492985972	1.0001904686362575	1.142023125896337	
6.392785571142284	1.2381026293568291	1.278733686118694	
6.513026052104209	1.4142608154014886	1.3470181159911552	
6.9138276553106195	1.8350419826643678	2.108480428507322	
7.034068136272545	1.8705045173832517	1.5865904634680863	
7.114228456913828	1.8654382375551046	1.8802879774679648	
7.1543086172344665	1.854427352788496	2.6656071960034375	
7.314629258517034	1.759415677906546	1.7161010930322114	
7.434869739478959	1.6461372365497362	1.7561603297074757	
7.474949899799597	1.6032129322081765	2.0566210812349293	
7.755511022044086	1.2934360178280295	1.498182910668293	
8.1563126252505	1.0529519309424678	0.3876249807151233	
8.276553106212425	1.0438754602688642	0.9629534808923417	
8.436873747494989	1.0585532877011343	1.3761647451463146	
8.47695390781563	1.0644915401925472	1.1344157304198945	
8.75751503006012	1.0927393748389256	1.408934088148325	
9.038076152304608	1.0482369223461123	0.7627498743167618	
9.318637274549097	0.9249028174225421	0.45390643686239934	
9.358717434869739	0.9030587751619437	0.7047021150399722	
9.599198396793586	0.7645944196570691	0.6179061168467505	
9.879759519038075	0.6180289899431282	0.20838806378657276	
9.919839679358716	0.6009145469657348	0.12093799806292055	
