-10.0	0.7066065277398876	0.2855711155515286	
-9.919839679358718	0.7283041287014831	0.21393696412334592	
-9.839679358717435	0.7508358153500795	0.16604894348069293	
-9.67935871743487	0.7982512633077915	0.3846843814239891	
-9.639278557114228	0.8105676256471277	0.4254915488363302	
-9.278557114228457	0.9287792027760826	1.0526287445695044	
-9.07815631262525	0.9994498638096151	1.309130923506017	
-8.837675350701403	1.0882011257416306	1.0857317041704466	
-8.677354709418838	1.149510232071529	1.1472413327029096	
-8.637274549098196	1.165088711462004	0.5247627082657531	
-8.396793587174349	1.26058504479613	1.0401250526794485	
-8.276553106212425	1.309607529362752	0.6505756133735339	
-8.196392785571142	1.342755580206414	1.224139269522715	
-7.9959919839679365	1.4272537184938505	1.6014413953921478	
-7.755511022044088	1.5317008059751833	1.2671177283764676	
-7.515030060120241	1.639343495163217	1.3399434537661872	
-7.394789579158317	1.6942529098969628	1.9339852603625822	
-7.354709418837675	1.7126986462077123	1.3067410560760893	
-7.234468937875752	1.768407874315443	1.9646676872344735	
-7.154308617234469	1.8058080002479566	2.4593472088023325	
-7.114228456913828	1.8245690428898644	1.8921072949641262	
-6.913827655310621	1.918700569283565	2.014069666810704	
-6.833667334669339	1.9563489135460217	2.5097395800712707	
-6.713426853707415	2.0125701488334817	1.9488885973326742	
-6.673346693386774	2.0311980517476105	2.6042145728912347	
-6.593186372745491	2.0682102743488127	2.383531732014246	
-6.472945891783567	2.122914492363786	2.1222709279443053	
-6.3927855711422845	2.1586696029981685	1.7406254871206315	
-6.272545090180361	2.210912147977922	0.702429949363959	
-5.751503006012024	2.4068017788547964	2.41282031248297	
-5.671342685370742	2.4308056041692834	2.4234363527285834	
-5.430861723446894	2.489693452080722	2.741476653799207	
-5.31062124248497	2.5108256968023683	2.7712018994348413	
-5.110220440881764	2.532136488391212	3.6727239554011213	
-5.070140280561122	2.534177837973562	3.116758604111463	
-4.789579158316633	2.5263044763672573	2.6388678052213934	
-4.709418837675351	2.5166799299448055	3.171532176265218	
-4.509018036072145	2.4779186638439317	2.5599659767855423	
-4.428857715430862	2.456538475649877	2.255022160288506	
-4.308617234468938	2.4182697932242094	1.639879613184025	
-4.188376753507014	2.372753912684106	1.8929911586887713	
-4.108216432865731	2.3385317421282714	1.88278388904014	
-3.947895791583167	2.261312490860327	1.6971458645859383	
-3.707414829659319	2.125848648288522	1.847257809774264	
-3.5871743486973955	2.0506370677416967	1.7921966461186911	
-3.5470941883767537	2.024635017581388	1.6470601756842054	
-3.42685370741483	1.9442409484769048	2.4183458865425282	
-3.1462925851703414	1.746707976799438	1.8420268954962564	
-3.1062124248496996	1.7178242802534	1.9479824401068264	
-3.0661322645290587	1.6888729154706579	1.5325759389538138	
-3.026052104208417	1.6598868243410396	2.093086457959749	
-2.9058116232464934	1.5730475933943193	2.271175462734526	
-2.6653306613226455	1.4027778194965972	1.616336980221619	
-2.4248496993987976	1.2424240807904985	1.008496886216112	
-2.264529058116233	1.1438256307563233	1.5055136409537593	
-2.1442885771543088	1.0752119293883176	0.8938796788208496	
-2.0240480961923852	1.0116708075623164	1.069351585978908	
-1.823647294589179	0.9178980007318857	0.4498989009216694	
-1.7434869739478955	0.8848014197812892	0.1817730014428518	
-1.7034068136272555	0.8692118701448752	0.17070991945118286	
-1.6633266533066138	0.8542616623794512	1.006479915865958	
-1.623246492985972	0.8399491973251226	0.7216144119933798	
-1.5430861723446903	0.8132242684427434	0.38661320605855415	
-1.382765531062125	0.7672075317627899	0.271868400626266	
-1.3426853707414832	0.7572022397031861	0.28174615003378406	
-1.2625250501002014	0.7389116230364231	1.0305118991216897	
-1.2224448897795597	0.7305992664621589	0.7790003389155842	
-1.1422845691382761	0.7155650023495626	-0.04316159003844122	
-1.0220440881763526	0.6967344713889521	0.44899733591535024	
-0.7414829659318638	0.6674126380937504	0.6688797860451299	
-0.701402805611222	0.6645756613853578	0.668620377424753	
-0.661322645290582	0.6620072057377223	0.7087841884092633	
-0.26052104208416793	0.6457835276967152	1.0003499360710226	
-0.10020040080160442	0.640772269125041	1.03270616657162	
-0.06012024048096265	0.6393664879242421	1.4725999649671242	
0.18036072144288617	0.628087355686668	1.0744919235791632	
0.22044088176352616	0.6255632589448954	1.2074178163043496	
0.3406813627254497	0.6165645268005525	1.271337833721736	
0.4208416833667332	0.6092409834439951	0.6485670730650019	
0.5410821643286567	0.5960383981415353	0.6239242180141591	
0.701402805611222	0.5739294772715153	0.34854307193283257	
0.8617234468937873	0.5463410171971901	0.81978971042281	
0.9819639278557108	0.5219644899089142	0.5112090960013036	
1.1422845691382761	0.4846064738499133	0.3727817812395856	
1.222444889779558	0.4639174392460924	0.14390447724564084	
1.3426853707414832	0.4305150360764651	0.09886209087286453	
1.663326653306612	0.3293491161368203	0.5916896111259424	
1.9038076152304608	0.24487798702899033	-0.26104200310041636	
1.9438877755511026	0.23034036715052797	-0.007935915648842062	
2.064128256513026	0.1862719292368551	-0.011839405084374244	
2.144288577154308	0.15668878962063282	-0.2683638949869325	
2.2645290581162314	0.11237051887072524	0.0020059341734830023	
2.4248496993987967	0.054173073381170944	0.020786065337393994	
2.4649298597194385	0.03991109581160357	0.2956534124433563	
2.50501002004008	0.025802967727264425	-0.11310026947114285	
2.6252505010020037	-0.015402023328590642	0.21124393652338763	
2.6653306613226455	-0.02869822494394103	-0.431567215690656	
2.7054108216432855	-0.04174214047665359	-0.5305083487331351	
2.9058116232464926	-0.10248814439550569	0.02142701916275675	
3.026052104208416	-0.13465351903628497	-0.4841670818687537	
3.066132264529058	-0.14454593220423728	-0.16694499895975048	
3.1863727454909814	-0.17147165950767573	-0.3897095976647804	
3.4268537074148284	-0.21131666051651687	0.16219937607832557	
3.46693386773547	-0.2159409147974758	-0.14239410936802446	
3.5871743486973937	-0.22603659976305823	0.33459299701909384	
3.8677354709418825	-0.22577323988677533	-0.5710755703503716	
3.987975951903808	-0.2146861081518927	-0.05409268514767003	
4.028056112224448	-0.2094589811220855	-0.32479301337757044	
4.06813627254509	-0.203454685244286	-0.08449384894397127	
4.108216432865731	-0.19666768060662232	0.1385063799443919	
4.148296593186371	-0.18909336225994355	0.31595942990316694	
4.268537074148297	-0.16161513639447556	-0.01978560231819712	
4.468937875751502	-0.09993484561403698	0.5185333883900403	
4.629258517034067	-0.036516783076482984	0.700561155131547	
4.709418837675351	-0.0002744268040267839	0.013053125922204457	
4.829659318637274	0.05949767524759442	-0.20383425712749825	
5.070140280561121	0.1969125413089179	0.7870788947171988	
5.150300601202405	0.247420218065464	0.41460053759681126	
5.270541082164328	0.32692009096302654	0.018237881475036924	
5.390781563126252	0.4102269999103781	0.027491134555002905	
5.470941883767534	0.4674690260770619	0.09207298238705057	
5.511022044088175	0.4965026005735689	0.2403443774240295	
5.7114228456913825	0.6443947511659212	0.2878895382349647	
5.871743486973948	0.7637663247872177	0.7833519763060453	
6.112224448897795	0.938835679640949	0.971149887339766	
6.152304609218437	0.9670499138203542	1.1661716872691374	
6.513026052104209	1.1995525828090245	1.3470181159911552	
6.673346693386772	1.286312732566401	1.4103187591203523	
6.713426853707414	1.306045779668834	1.6631929636917668	
7.074148296593187	1.4433542548688785	2.0823983617612867	
7.114228456913828	1.4537937135739312	1.8802879774679648	
7.394789579158317	1.498115036321701	1.2318684708699892	
7.515030060120239	1.5015613867696807	1.9406178222604717	
7.555110220440881	1.500656132301965	1.5606687542288407	
7.635270541082164	1.495813585260221	1.5094218918750297	
7.9959919839679365	1.4268005724495212	0.8306574133487854	
8.1563126252505	1.3739210531707644	0.3876249807151233	
8.637274549098194	1.1554274923931043	1.1710015873643145	
8.75751503006012	1.0914698235607618	1.408934088148325	
8.837675350701403	1.0477394830820934	0.6946230120402213	
8.877755511022045	1.0256509847730682	1.1603285030070627	
8.917835671342683	1.0034593620097076	0.7400977346367502	
8.997995991983966	0.9589018764958301	0.9942661295455745	
9.07815631262525	0.9143327443658013	1.2416299067914494	
9.118236472945892	0.8921245564245812	0.4416878463037549	
9.278557114228455	0.8045209335318896	0.8595764189169893	
9.318637274549097	0.7830741915123468	0.45390643686239934	
9.478957915831664	0.6999220357328821	0.9824266752743669	
9.67935871743487	0.6037070525517665	0.5971887296759596	
9.879759519038075	0.5184141239974993	0.20838806378657276	
