-10.0	0.15349669208617767	0.2855711155515286	
-9.67935871743487	0.6616183506696958	0.3846843814239891	
-9.599198396793588	0.7654490975502808	0.9016258168426271	
-9.559118236472946	0.8106915157985799	0.5392108879538005	
-9.478957915831664	0.8862661153661351	0.9829746651726912	
-9.438877755511022	0.9162761295512025	1.0826163555483244	
-9.39879759519038	0.9410573764246435	0.34002275940649407	
-9.358717434869739	0.9607015598697444	1.146891077248703	
-9.318637274549099	0.9753939624520518	0.9840539763176509	
-9.238476953907815	0.9910846095167316	0.8747012988067632	
-8.997995991983968	0.9602130967819578	1.5210384423361003	
-8.877755511022045	0.9264693853769551	1.535248945698195	
-8.837675350701403	0.9157871934835718	1.0857317041704466	
-8.75751503006012	0.8975356167752372	1.0896558233570373	
-8.557114228456914	0.880406596918374	0.8146521510503405	
-8.47695390781563	0.8867591408971478	0.9230810466515599	
-8.356713426853707	0.909588935917504	1.223771092191488	
-8.316633266533067	0.9204022975840668	1.4485926552398114	
-8.276553106212425	0.9326813235299536	0.6505756133735339	
-8.076152304609218	1.0148965641184395	0.5128185472482402	
-7.875751503006012	1.1362852977670075	0.9721977512769905	
-7.835671342685371	1.1665104435529021	1.0905818173771678	
-7.635270541082164	1.3531329582247773	1.1655183557575683	
-7.555110220440882	1.4441208389672828	1.8382155426384996	
-7.354709418837675	1.6974860626757096	1.3067410560760893	
-6.753507014028056	2.1348522941711128	2.162838144097009	
-6.593186372745491	2.079084001298238	2.383531732014246	
-6.55310621242485	2.0579575757973227	2.0377834105723283	
-6.432865731462925	1.989621972974825	2.2383453103458315	
-6.312625250501002	1.9313720679525097	1.3928352342119301	
-6.112224448897796	1.9099290595578458	1.9527911620205995	
-5.95190380761523	1.990475534834685	2.1699398940570545	
-5.831663326653307	2.1076555791534877	2.157836300734963	
-5.511022044088176	2.5507039355550543	2.8158242899395995	
-5.350701402805611	2.758565068420082	2.5758242284189414	
-5.31062124248497	2.801553068056778	2.7712018994348413	
-5.2304609218436875	2.872897019442846	2.6117351447720423	
-5.150300601202405	2.921989406334994	2.3629363427766767	
-4.66933867735471	2.7018451873509624	2.6976052213609227	
-4.428857715430862	2.354609502292687	2.255022160288506	
-4.348697394789579	2.231455356674816	1.774454889042552	
-4.0681362725450905	1.8621205018383005	2.199045566058348	
-4.028056112224449	1.8231743191011167	1.694484910769494	
-3.987975951903808	1.788612024118377	1.7839149146381788	
-3.8677354709418843	1.712575149404139	2.0827056219596365	
-3.707414829659319	1.6756400236261648	1.847257809774264	
-3.6673346693386772	1.6770204203520946	1.8567334756869927	
-3.6272545090180364	1.6821293898758904	1.2319286855976526	
-3.3867735470941884	1.7687392780513753	2.0801016320934207	
-3.3466933867735476	1.7880138088466857	2.4390030853422893	
-3.306613226452906	1.8072358006099964	1.8119533920026916	
-3.266533066132265	1.8258391155274907	1.9157737274190947	
-3.226452905811623	1.8432608603669784	2.336593999024933	
-3.1863727454909823	1.858950325652434	1.6686245279064738	
-3.026052104208417	1.8943274352798265	2.093086457959749	
-2.985971943887776	1.8941846654546248	1.8358190847258913	
-2.9458917835671343	1.889790196851282	2.205458486008292	
-2.8657314629258517	1.8675014389668654	2.4143027169772475	
-2.825651302605211	1.8494383463687492	2.3570246552458567	
-2.745490981963928	1.7996902807664175	2.1086008772950717	
-2.6653306613226455	1.7330473006216367	1.616336980221619	
-2.4248496993987976	1.4620958353721756	1.008496886216112	
-2.2244488977955914	1.21459613138412	0.8658757146072181	
-2.1843687374749505	1.1682154891232042	1.1830058612600296	
-2.1442885771543088	1.1235471046657217	0.8938796788208496	
-1.9839679358717444	0.9634628910149546	0.13803135155274615	
-1.9438877755511026	0.9277859426909753	1.0239306810123892	
-1.823647294589179	0.8280527206321531	0.4498989009216694	
-1.7434869739478955	0.7649197253664148	0.1817730014428518	
-1.5430861723446903	0.6058753306892034	0.38661320605855415	
-1.382765531062125	0.4768022715069449	0.271868400626266	
-1.3026052104208414	0.4174304360597596	0.7356270826652942	
-0.8216432865731473	0.38628671681030924	0.6334867369028817	
-0.6212424849699403	0.5877045437224864	0.7732096604628234	
-0.5010020040080168	0.7344712975549732	0.9262660834469747	
-0.460921843687375	0.782236582093516	1.002515903521059	
-0.4208416833667332	0.8278669752301907	1.1372997708192112	
-0.38076152304609323	0.8705016596451337	0.9268208339702685	
0.10020040080160264	0.9900804119471592	1.079358806444973	
0.22044088176352616	0.9199135400990768	1.2074178163043496	
0.460921843687375	0.7600429826809054	0.23042816947035494	
0.5811623246492985	0.6938483421641045	0.8314131999613045	
0.6212424849699403	0.6747953515873631	0.9081893833046708	
0.6613226452905803	0.6570692323129451	0.8442700860063292	
0.8617234468937873	0.5792629893170674	0.81978971042281	
0.9418837675350691	0.5474378689235113	1.0072144427533478	
1.0220440881763526	0.5119665418643575	0.18919738891516297	
1.1422845691382761	0.449813903693866	0.3727817812395856	
1.3026052104208414	0.35312073739503624	-0.302191649791539	
1.3426853707414832	0.3279589369646252	0.09886209087286453	
1.9038076152304608	0.10649436290874292	-0.26104200310041636	
2.2244488977955914	0.05804037495583381	-0.027644142489770013	
2.50501002004008	-0.047452090864688934	-0.11310026947114285	
2.54509018036072	-0.06582509863501729	0.36727208894476326	
2.7454909819639273	-0.14561581907854415	0.1059145951171051	
2.825651302605209	-0.16450616619770542	-0.17354471874339997	
2.865731462925851	-0.16998958141700649	-0.2643756332568808	
3.1062124248496996	-0.14616434694098035	0.28868074635504876	
3.1462925851703396	-0.13454444546024602	0.05795095623484777	
3.3867735470941884	-0.05457107024030128	-0.04941960778515595	
3.6673346693386772	-0.012730812455431284	0.5773659640505509	
3.8677354709418825	-0.01971565070936976	-0.5710755703503716	
3.947895791583166	-0.020352297998618596	-0.5110667214205813	
3.987975951903808	-0.018559850040344772	-0.05409268514767003	
4.028056112224448	-0.014913107359166511	-0.32479301337757044	
4.148296593186371	0.009258154451444511	0.31595942990316694	
4.188376753507013	0.02199166863547053	-0.09999141371433397	
4.268537074148297	0.05397021515428013	-0.01978560231819712	
4.38877755511022	0.11399703399238681	0.3052427227416224	
4.428857715430862	0.1356122364729554	-0.0021033432728748596	
4.509018036072144	0.17832830299677915	-0.21212319680416586	
4.829659318637274	0.27808527866360544	-0.20383425712749825	
4.869739478957916	0.2783338282577862	0.07414792748470846	
5.190380761523045	0.21296312134088913	-0.21867180979978879	
5.31062124248497	0.18853004972926812	-0.24830035824431257	
5.35070140280561	0.1844539174293579	0.031077138392430412	
5.390781563126252	0.18311200070815015	0.027491134555002905	
5.470941883767534	0.18990783845993697	0.09207298238705057	
5.631262525050099	0.2467194584859298	0.729380626990257	
5.751503006012024	0.32833034626216595	-0.2078644178699175	
5.791583166332664	0.3625147476805298	1.1452982966463519	
5.831663326653306	0.3999300834717596	0.5461233555420066	
6.192384769539078	0.8530487569141282	0.755012288319197	
6.352705410821642	1.1026523874171459	1.0259698435148403	
6.432865731462925	1.233732738428717	1.7578163049586277	
6.472945891783567	1.30002509922776	1.290623093961562	
6.553106212424851	1.432522602492507	1.5152065608950656	
6.633266533066131	1.5622781913634298	1.618386949012248	
6.753507014028056	1.743490815149806	1.6617006601027173	
6.9138276553106195	1.9373876652655735	2.108480428507322	
6.953907815631261	1.973745858748311	1.5517271947335511	
6.993987975951903	2.0043060742637318	1.8748929250227808	
7.114228456913828	2.0577942919479626	1.8802879774679648	
7.314629258517034	2.012669438723397	1.7161010930322114	
7.434869739478959	1.9133828186957875	1.7561603297074757	
7.474949899799597	1.8711550082851387	2.0566210812349293	
7.595190380761522	1.7268779459069579	1.235844040828588	
7.715430861723448	1.5723667936617878	1.3206316104073574	
7.875751503006011	1.3836991628999278	0.9373388061954295	
8.276553106212425	1.1382685028053514	0.9629534808923417	
8.316633266533067	1.1303153821879859	1.012453479989911	
8.356713426853705	1.1241397983325554	0.8777404127309233	
8.436873747494989	1.1155425200101707	1.3761647451463146	
8.677354709418836	1.0958560554186125	1.2902321458167356	
8.797595190380761	1.0792463784290052	1.4405214392003907	
9.198396793587175	0.9832963888221455	0.9186494148932052	
9.438877755511022	0.8887177501470929	0.17217394821279175	
9.478957915831664	0.8671726522762315	0.9824266752743669	
9.559118236472944	0.8170056274446422	0.8507657857337718	
9.799599198396791	0.6003217980226909	0.620765047756296	
