-9.919839679358718	0.7092437173752062	0.21393696412334592	
-9.879759519038076	0.7244057435918381	0.4189647944984294	
-9.759519038076153	0.7739498619511052	0.39145261008568055	
-9.478957915831664	0.8942413043269553	0.9829746651726912	
-9.39879759519038	0.9253787354140938	0.34002275940649407	
-9.318637274549099	0.9538911156956582	0.9840539763176509	
-9.278557114228457	0.9670587345438725	1.0526287445695044	
-9.198396793587175	0.9911005354463299	1.2766853712792527	
-8.997995991983968	1.0374107032490454	1.5210384423361003	
-8.957915831663327	1.0442539604489096	0.8660424877850986	
-8.71743486973948	1.0668267304208392	1.5224882261141015	
-8.637274549098196	1.0666428240039603	0.5247627082657531	
-8.557114228456914	1.0624470282813772	0.8146521510503405	
-8.47695390781563	1.05459448943954	0.9230810466515599	
-8.396793587174349	1.044011990455935	1.0401250526794485	
-8.236472945891784	1.0222363309614257	1.1273383897320906	
-8.036072144288577	1.0275938424371864	1.2880091747243478	
-7.9959919839679365	1.0383417353082351	1.6014413953921478	
-7.474949899799599	1.6888740730329865	1.9128252741259195	
-7.434869739478958	1.7723438450109266	1.3973938515615112	
-7.394789579158317	1.8567130816955468	1.9339852603625822	
-7.274549098196393	2.1017034181798486	1.8755545493165906	
-7.234468937875752	2.1759597408593137	1.9646676872344735	
-7.034068136272545	2.4332550352686084	2.1036904957767852	
-6.913827655310621	2.4651470080114706	2.014069666810704	
-6.753507014028056	2.3584028194546134	2.162838144097009	
-6.593186372745491	2.1341615172927915	2.383531732014246	
-6.55310621242485	2.071011746711491	2.0377834105723283	
-6.513026052104209	2.0085546567830423	1.8213235067898597	
-6.432865731462925	1.8927314846667493	2.2383453103458315	
-6.352705410821644	1.7997321655034058	1.6594971514936094	
-6.112224448897796	1.74526707529908	1.9527911620205995	
-6.032064128256513	1.8118950236606106	1.5941311919484091	
-5.9118236472945895	1.979616867546846	2.3994595866120862	
-5.791583166332665	2.2026404188833766	1.692909977796318	
-5.711422845691383	2.364536056170394	1.2748610719306241	
-5.671342685370742	2.4453888458846764	2.4234363527285834	
-5.390781563126253	2.9040905196347526	2.8575706463648296	
-5.110220440881764	3.023455413778907	3.6727239554011213	
-4.7494989979959925	2.712568270597519	3.023002365756099	
-4.66933867735471	2.606529853232239	2.6976052213609227	
-4.468937875751503	2.339097675692401	2.1664517760931545	
-4.348697394789579	2.1956011753370395	1.774454889042552	
-4.228456913827656	2.0743061758426795	2.181584836938472	
-4.108216432865731	1.9778050540225114	1.88278388904014	
-3.947895791583167	1.8865097935099446	1.6971458645859383	
-3.8677354709418843	1.8555656142201404	2.0827056219596365	
-3.6673346693386772	1.8167332599025632	1.8567334756869927	
-3.306613226452906	1.849372341149476	1.8119533920026916	
-3.266533066132265	1.8545629892241497	1.9157737274190947	
-3.1462925851703414	1.8586868781005994	1.8420268954962564	
-3.0661322645290587	1.8452791375705009	1.5325759389538138	
-2.985971943887776	1.8129879801749103	1.8358190847258913	
-2.8657314629258517	1.7205868102933768	2.4143027169772475	
-2.745490981963928	1.5704947204671673	2.1086008772950717	
-2.6252505010020046	1.3681704997988722	1.9943635551774188	
-2.3847695390781567	0.8868609926219055	1.807698370774501	
-2.344689378757515	0.8088270847071617	0.9823978242001277	
-2.304609218436874	0.7343060002230044	1.2464052778342924	
-2.1442885771543088	0.48855498034532774	0.8938796788208496	
-2.0240480961923852	0.37417043394834115	1.069351585978908	
-1.7434869739478955	0.32942630698219766	0.1817730014428518	
-1.7034068136272555	0.34047385990747436	0.17070991945118286	
-1.623246492985972	0.3686169613003989	0.7216144119933798	
-1.4629258517034067	0.4333139471605326	0.4534698402240671	
-1.4228456913827667	0.44910458098891815	0.2857115359477863	
-1.182364729458918	0.539798192811483	0.8738152588805214	
-1.1422845691382761	0.556571970060171	-0.04316159003844122	
-0.9018036072144291	0.6969697990483332	0.2087806545027961	
-0.7815631262525056	0.7998927586888191	-0.7192992600915666	
-0.38076152304609323	1.2007973660002025	0.9268208339702685	
-0.34068136272545146	1.2327967646416542	0.7136550004869922	
0.060120240480960874	1.3287872616786767	1.3557540246232116	
0.22044088176352616	1.2524218006953038	1.2074178163043496	
0.3006012024048097	1.1953992765143682	0.6148239194221113	
0.8216432865731456	0.6596375322121358	1.2380249910695134	
0.9418837675350691	0.5262027792625443	1.0072144427533478	
1.0621242484969944	0.40362798435974223	0.6021364330491839	
1.7434869739478955	0.11057017515774603	0.44159417805989476	
1.7835671342685373	0.10631360483580954	0.12072560516951289	
1.8236472945891773	0.1013122932447833	0.149909245426383	
1.863727454909819	0.09523819560645519	0.26557374327150357	
1.9438877755511026	0.07885896316731555	-0.007935915648842062	
2.104208416833666	0.026304089368618278	0.11330688130438396	
2.2244488977955914	-0.02719051782044013	-0.027644142489770013	
2.3847695390781567	-0.10021263787064161	-0.13072027664015778	
2.6252505010020037	-0.15600285218227428	0.21124393652338763	
2.825651302605209	-0.11751593540503924	-0.17354471874339997	
2.9859719438877743	-0.04344965873742046	0.0332614138330874	
3.026052104208416	-0.022855799272286648	-0.4841670818687537	
3.1462925851703396	0.03408744852189616	0.05795095623484777	
3.1863727454909814	0.049437173718711924	-0.3897095976647804	
3.226452905811623	0.062062741046240655	-0.27170056434386236	
3.266533066132263	0.07151520032364866	-0.1496853879735824	
3.4268537074148284	0.07181219888082901	0.16219937607832557	
3.46693386773547	0.06198775357375197	-0.14239410936802446	
3.507014028056112	0.04839032388372699	0.6616886013938302	
3.987975951903808	-0.22698779897279575	-0.05409268514767003	
4.268537074148297	-0.22122154894982704	-0.01978560231819712	
4.308617234468937	-0.20196823182795942	0.27518318154650556	
4.468937875751502	-0.08946212776968543	0.5185333883900403	
4.5490981963927855	-0.01964152889189652	0.4502819230253606	
4.589178356713425	0.016443948095281602	-0.20796381217799254	
4.669338677354709	0.08772681293602846	0.4372255655814802	
4.749498997995991	0.1538680754323064	0.44560182331263853	
4.909819639278556	0.25619664313151047	-0.016757812871623406	
4.949899799599198	0.27397510809949677	-0.018144845505577184	
5.190380761523045	0.31815564351775005	-0.21867180979978879	
5.270541082164328	0.3167757805801765	0.018237881475036924	
5.511022044088175	0.3221386163800908	0.2403443774240295	
5.631262525050099	0.3576103490286644	0.729380626990257	
5.7114228456913825	0.4015731904798455	0.2878895382349647	
5.751503006012024	0.4304824924181091	-0.2078644178699175	
5.791583166332664	0.4642212985257258	1.1452982966463519	
5.831663326653306	0.5028589087707767	0.5461233555420066	
5.991983967935871	0.7053204346620203	0.9048234198207972	
6.152304609218437	0.9739544371585639	1.1661716872691374	
6.192384769539078	1.04870661333644	0.755012288319197	
6.352705410821642	1.3624060261903759	1.0259698435148403	
6.392785571142284	1.441444175464024	1.278733686118694	
6.713426853707414	1.9789546837152323	1.6631929636917668	
6.873747494989978	2.120690963916797	2.3751255571440577	
6.9138276553106195	2.1378821418789147	2.108480428507322	
7.074148296593187	2.1291985913367526	2.0823983617612867	
7.114228456913828	2.108117053054457	1.8802879774679648	
7.1543086172344665	2.079999743454511	2.6656071960034375	
7.194388777555108	2.045278587817505	1.9371220556008057	
7.314629258517034	1.9070684038888	1.7161010930322114	
7.555110220440881	1.5419793555731602	1.5606687542288407	
7.635270541082164	1.4170782006557199	1.5094218918750297	
7.675350701402806	1.3573719069575239	1.0623735226611057	
8.116232464929858	0.949328301903836	1.1336051882403622	
8.1563126252505	0.9374272814328851	0.3876249807151233	
8.276553106212425	0.9210909177366637	0.9629534808923417	
8.557114228456914	0.9449107498782378	1.1186801368739256	
8.637274549098194	0.9539012368034987	1.1710015873643145	
8.717434869739478	0.9594405896924366	0.9988902096408652	
8.75751503006012	0.9604073895147177	1.408934088148325	
8.797595190380761	0.9599697463267148	1.4405214392003907	
8.917835671342683	0.9492732718285957	0.7400977346367502	
8.957915831663325	0.942405992255922	1.1159838275626077	
9.118236472945892	0.8985048504047115	0.4416878463037549	
9.158316633266534	0.8836614608245896	1.3184822949714052	
9.238476953907814	0.8498905271018656	0.8248636913676652	
9.278557114228455	0.8311749351661742	0.8595764189169893	
9.438877755511022	0.7470811863858752	0.17217394821279175	
9.559118236472944	0.6785107607776482	0.8507657857337718	
9.759519038076153	0.5674442434765103	0.5576304719564115	
9.799599198396791	0.547355408231067	0.620765047756296	
9.919839679358716	0.49452989263138813	0.12093799806292055	
