-9.799599198396793	0.35526131922387405	0.7123903603470841	
-9.719438877755511	0.4369067299385495	1.2545841917166676	
-9.67935871743487	0.4808404779053382	0.3846843814239891	
-9.278557114228457	0.9166589040942438	1.0526287445695044	
-9.238476953907815	0.9499987428640413	0.8747012988067632	
-8.997995991983968	1.0806347635353166	1.5210384423361003	
-8.957915831663327	1.091012718419594	0.8660424877850986	
-8.877755511022045	1.1035601733853089	1.535248945698195	
-8.797595190380761	1.107266130530048	0.9373056720123663	
-8.75751503006012	1.1067298684788254	1.0896558233570373	
-8.11623246492986	1.2161222960715583	0.3955662595039432	
-7.955911823647295	1.3437171886360892	1.2701344850010468	
-7.915831663326653	1.3818533985785126	1.6002061879215135	
-7.835671342685371	1.463793415486642	1.0905818173771678	
-7.755511022044088	1.5510374345149638	1.2671177283764676	
-7.675350701402806	1.640515897452819	1.5380550299257085	
-7.434869739478958	1.8884337970586702	1.3973938515615112	
-7.274549098196393	2.0040597042364654	1.8755545493165906	
-7.19438877755511	2.0393190027402754	1.9281511976904693	
-6.753507014028056	1.957953001736283	2.162838144097009	
-6.673346693386774	1.9119878845295133	2.6042145728912347	
-6.593186372745491	1.8667210594082877	2.383531732014246	
-6.432865731462925	1.797675746014111	2.2383453103458315	
-6.112224448897796	1.8469694169091813	1.9527911620205995	
-5.711422845691383	2.2787209700766082	1.2748610719306241	
-5.591182364729459	2.4369235116172727	2.908042258700897	
-5.350701402805611	2.704833337822538	2.5758242284189414	
-5.31062124248497	2.7385653198765034	2.7712018994348413	
-5.110220440881764	2.845899022480064	3.6727239554011213	
-5.070140280561122	2.8542994009652527	3.116758604111463	
-5.030060120240481	2.8582329562350113	2.6710375875326147	
-4.909819639278557	2.843464849346152	3.147171423553515	
-4.66933867735471	2.702434955334409	2.6976052213609227	
-4.509018036072145	2.540901980259668	2.5599659767855423	
-4.468937875751503	2.4944994952426187	2.1664517760931545	
-4.388777555110221	2.3969269144994554	2.65258144432062	
-4.348697394789579	2.346555710471273	1.774454889042552	
-4.308617234468938	2.295693437155524	1.639879613184025	
-3.7875751503006017	1.784845827810805	1.6702415537149777	
-3.74749498997996	1.7689499663708939	2.703424996869889	
-3.6673346693386772	1.7494542697483766	1.8567334756869927	
-3.6272545090180364	1.7455957500769723	1.2319286855976526	
-3.5871743486973955	1.7453739702779272	1.7921966461186911	
-3.42685370741483	1.7739203890559936	2.4183458865425282	
-3.3867735470941884	1.7861981425802522	2.0801016320934207	
-3.266533066132265	1.8268360455671693	1.9157737274190947	
-2.9058116232464934	1.8536162507728666	2.271175462734526	
-2.785571142284569	1.7936251853962375	1.890195455691038	
-2.6653306613226455	1.6931074427344799	1.616336980221619	
-2.6252505010020046	1.651326886072567	1.9943635551774188	
-2.545090180360722	1.5571686184649929	1.917272664693681	
-2.4649298597194393	1.4515656406649886	1.3753069725949771	
-2.3847695390781567	1.3382031654231454	1.807698370774501	
-2.1442885771543088	0.9906146303710374	0.8938796788208496	
-2.104208416833668	0.9363398600893744	1.1364758990008577	
-1.7835671342685373	0.5947954354247137	0.5903542277195571	
-1.6633266533066138	0.5171514024670701	1.006479915865958	
-1.5831663326653302	0.48077334525989746	0.5288375114063328	
-1.5030060120240485	0.4560503866771657	0.5313578188675672	
-1.4228456913827667	0.4423227635402588	0.2857115359477863	
-1.382765531062125	0.4393777691296089	0.271868400626266	
-1.1022044088176361	0.4851163887283917	-0.03758628810658737	
-0.9018036072144291	0.5789202124438363	0.2087806545027961	
-0.5410821643286585	0.8149749755414009	1.0660370959893168	
-0.3006012024048097	0.9502076272556387	0.23183167884832756	
-0.1402805611222444	1.001642811128597	0.8098834009786445	
-0.06012024048096265	1.0129063867449977	1.4725999649671242	
-0.020040080160320883	1.0148636868912015	1.1388470896754446	
0.060120240480960874	1.011668253294395	1.3557540246232116	
0.26052104208416793	0.9668289221801213	0.6648181174848726	
0.3406813627254497	0.9368166660528309	1.271337833721736	
0.701402805611222	0.7481803199559878	0.34854307193283257	
0.7414829659318638	0.7235783443149119	0.8592166658007738	
0.9819639278557108	0.5683524329019647	0.5112090960013036	
1.0220440881763526	0.5419522915669277	0.18919738891516297	
1.0621242484969944	0.5156573337964478	0.6021364330491839	
1.182364729458918	0.4385543782073139	0.24801592311331472	
1.222444889779558	0.4138467355041662	0.14390447724564084	
1.3827655310621232	0.3230243882154531	-0.27282431646333016	
1.422845691382765	0.3027882801621211	0.4620325974665218	
1.5030060120240485	0.2657056234157904	0.2132771024639926	
1.5831663326653302	0.23322620119681092	-0.10039562255417835	
1.623246492985972	0.21865203327653404	0.31239630749713215	
1.7034068136272538	0.19249767424250686	0.3193279281503887	
2.064128256513026	0.09862920037514222	-0.011839405084374244	
2.2645290581162314	0.03775805313564862	0.0020059341734830023	
2.7454909819639273	-0.1333998572361207	0.1059145951171051	
2.785571142284569	-0.14326718108406034	0.10253596893710533	
2.9058116232464926	-0.16359689202043814	0.02142701916275675	
2.9458917835671343	-0.16704112878237598	0.0014275311256359605	
3.1062124248496996	-0.16430548373714304	0.28868074635504876	
3.1863727454909814	-0.15427571366867998	-0.3897095976647804	
3.3466933867735467	-0.1231491562558319	-0.28612164184928496	
3.46693386773547	-0.09609776554974558	-0.14239410936802446	
3.507014028056112	-0.08731336292077929	0.6616886013938302	
3.6272545090180355	-0.06343467549629656	-0.2670376531942682	
3.7074148296593172	-0.05027762516538281	-0.3647776252192326	
3.7875751503006008	-0.039495355035204294	-0.31153079300436975	
3.8677354709418825	-0.030820812818209253	-0.5710755703503716	
4.028056112224448	-0.017627956523022847	-0.32479301337757044	
4.148296593186371	-0.009026436477076683	0.31595942990316694	
4.629258517034067	0.023491558227655807	0.700561155131547	
4.669338677354709	0.0245941154231597	0.4372255655814802	
4.749498997995991	0.025385714536059423	0.44560182331263853	
4.909819639278556	0.022130928254641247	-0.016757812871623406	
4.98997995991984	0.019484161968126412	0.08951582906525245	
5.150300601202405	0.018648722336309653	0.41460053759681126	
5.390781563126252	0.0557606361492321	0.027491134555002905	
5.430861723446894	0.06946517317703604	0.1328735443365221	
5.631262525050099	0.18169661372593693	0.729380626990257	
5.7114228456913825	0.24903196665771243	0.2878895382349647	
5.831663326653306	0.37473584562230045	0.5461233555420066	
5.871743486973948	0.4229716087548411	0.7833519763060453	
5.911823647294588	0.4741734173000024	0.5694869552897014	
6.032064128256511	0.6437297011675455	0.574171369647016	
6.23246492985972	0.9640563641929462	1.142023125896337	
6.272545090180358	1.0308916211429748	0.7123120883458532	
6.432865731462925	1.2946744486209207	1.7578163049586277	
6.472945891783567	1.3576586048433839	1.290623093961562	
6.553106212424851	1.4771474826006767	1.5152065608950656	
6.673346693386772	1.6341931651811883	1.4103187591203523	
6.753507014028056	1.7198649739424368	1.6617006601027173	
6.793587174348698	1.7560624304624144	1.9413035123435487	
6.8336673346693395	1.7874999519086177	1.516375006383258	
6.9138276553106195	1.835338008029698	2.108480428507322	
6.993987975951903	1.8623245915789264	1.8748929250227808	
7.114228456913828	1.8633495755553688	1.8802879774679648	
7.194388777555108	1.8388562016305303	1.9371220556008057	
7.354709418837675	1.7379198571940289	2.4233448699727185	
7.474949899799597	1.6282757616014107	2.0566210812349293	
7.635270541082164	1.4603903759665435	1.5094218918750297	
7.675350701402806	1.4178406629547593	1.0623735226611057	
7.875751503006011	1.224449796746363	0.9373388061954295	
7.915831663326653	1.1922553057443377	1.4614245268371022	
8.076152304609217	1.0932777539942053	0.8093925969181232	
8.396793587174347	1.0379695930432378	1.264927079841822	
8.47695390781563	1.0448937840815498	1.1344157304198945	
8.517034068136272	1.049640353066363	1.0942584348273394	
8.717434869739478	1.0708718322256787	0.9988902096408652	
8.797595190380761	1.0715622659547381	1.4405214392003907	
9.278557114228455	0.8772164722211554	0.8595764189169893	
9.318637274549097	0.8457843098202829	0.45390643686239934	
9.358717434869739	0.8127413952049375	0.7047021150399722	
9.599198396793586	0.5968764338594456	0.6179061168467505	
9.639278557114228	0.5608940464169008	0.9098951179318959	
9.67935871743487	0.5257633097132424	0.5971887296759596	
9.719438877755511	0.4917922925177469	0.934965344979969	
9.799599198396791	0.4284945521550918	0.620765047756296	
9.839679358717433	0.3997068056546115	0.9601354782580944	
9.879759519038075	0.3731506354863655	0.20838806378657276	
