-9.919839679358718	0.3746030991874013	0.21393696412334592	
-9.67935871743487	0.7007452195906101	0.3846843814239891	
-9.559118236472946	0.8700897739280019	0.5392108879538005	
-9.519038076152304	0.9232842727612673	0.5505350112504985	
-9.478957915831664	0.9738702434076173	0.9829746651726912	
-9.278557114228457	1.1712038506370273	1.0526287445695044	
-9.238476953907815	1.1971829953525068	0.8747012988067632	
-9.158316633266534	1.2343475564782431	0.7829354847244568	
-8.837675350701403	1.2099185507674568	1.0857317041704466	
-8.43687374749499	1.062141954202596	0.8107768681945786	
-8.316633266533067	1.0628777890676795	1.4485926552398114	
-8.236472945891784	1.0828853302749244	1.1273383897320906	
-8.156312625250502	1.1189749735937728	1.213897649429934	
-7.9959919839679365	1.235390829463357	1.6014413953921478	
-7.875751503006012	1.3529337591724717	0.9721977512769905	
-7.715430861723447	1.5304307859399722	1.4082353508485912	
-7.635270541082164	1.620390929536947	1.1655183557575683	
-7.555110220440882	1.7067372504200509	1.8382155426384996	
-7.515030060120241	1.7476183098702602	1.3399434537661872	
-7.274549098196393	1.9423283290502944	1.8755545493165906	
-7.114228456913828	2.0112070783416494	1.8921072949641262	
-6.953907815631263	2.029619541205469	2.097503581656682	
-6.8737474949899795	2.022624625983674	2.17776935451838	
-6.793587174348698	2.007422825992011	1.7803427806167778	
-6.593186372745491	1.9509720261011019	2.383531732014246	
-6.513026052104209	1.9289822558548084	1.8213235067898597	
-6.352705410821644	1.9032390658632634	1.6594971514936094	
-6.272545090180361	1.9051520895603677	0.702429949363959	
-6.23246492985972	1.9108388762876016	1.9570655008561957	
-5.991983967935872	2.021616568936374	1.8835255561043296	
-5.791583166332665	2.212854132604961	1.692909977796318	
-5.671342685370742	2.3587088933440117	2.4234363527285834	
-5.591182364729459	2.462088253597289	2.908042258700897	
-5.551102204408818	2.514099754065588	2.4705274827553065	
-5.470941883767535	2.616027906493379	2.4777006484095216	
-5.390781563126253	2.7114377382709125	2.8575706463648296	
-5.31062124248497	2.7959597498307476	2.7712018994348413	
-5.150300601202405	2.916768875848759	2.3629363427766767	
-4.98997995991984	2.9542373011075527	2.729184550191119	
-4.789579158316633	2.8713519223865007	2.6388678052213934	
-4.66933867735471	2.7595867087875905	2.6976052213609227	
-4.428857715430862	2.4501688921299727	2.255022160288506	
-4.308617234468938	2.284048056259712	1.639879613184025	
-4.228456913827656	2.1801237359686207	2.181584836938472	
-4.0681362725450905	2.0067295769505815	2.199045566058348	
-4.028056112224449	1.9727338132405956	1.694484910769494	
-3.987975951903808	1.9429674958828782	1.7839149146381788	
-3.947895791583167	1.9175504951612474	1.6971458645859383	
-3.907815631262525	1.8965286499673006	1.8667593758199863	
-3.8276553106212425	1.8674839107934882	1.9690520241077398	
-3.5470941883767537	1.8777763814369526	1.6470601756842054	
-3.466933867735471	1.8994984352678803	1.5952102166864384	
-3.306613226452906	1.9407737455412422	1.8119533920026916	
-2.985971943887776	1.9049844238027456	1.8358190847258913	
-2.8657314629258517	1.8258754731773563	2.4143027169772475	
-2.825651302605211	1.791088573293695	2.3570246552458567	
-2.745490981963928	1.709938315148026	2.1086008772950717	
-2.7054108216432873	1.6641302009335868	1.5949864725976561	
-2.585170340681363	1.5100954414284924	1.8387394763443201	
-2.4649298597194393	1.3402369743142264	1.3753069725949771	
-2.3847695390781567	1.224412514710604	1.807698370774501	
-2.264529058116233	1.0558287399703845	1.5055136409537593	
-2.0240480961923852	0.7724063402259655	1.069351585978908	
-1.9038076152304608	0.6691897172240779	0.7037424266730621	
-1.8637274549098208	0.6410070081739616	0.8637897915944812	
-1.823647294589179	0.6158942153099767	0.4498989009216694	
-1.7434869739478955	0.5745804083144253	0.1817730014428518	
-1.7034068136272555	0.5581767101031951	0.17070991945118286	
-1.623246492985972	0.5332531765218671	0.7216144119933798	
-1.5430861723446903	0.5179060111510632	0.38661320605855415	
-1.5030060120240485	0.5134598490604454	0.5313578188675672	
-1.382765531062125	0.5113172507336009	0.271868400626266	
-1.3426853707414832	0.5138858243276708	0.28174615003378406	
-1.1022044088176361	0.5555511352275362	-0.03758628810658737	
-0.9018036072144291	0.6140164169393552	0.2087806545027961	
-0.701402805611222	0.6830075098585775	0.668620377424753	
-0.5811623246492985	0.7256145995348284	1.274869897001413	
-0.5410821643286585	0.7396163754834575	1.0660370959893168	
-0.5010020040080168	0.7534150387256272	0.9262660834469747	
-0.26052104208416793	0.8286793376714425	1.0003499360710226	
-0.10020040080160442	0.8672060786192465	1.03270616657162	
-0.06012024048096265	0.8747350799173313	1.4725999649671242	
0.020040080160320883	0.8866673574468489	1.066206013737284	
0.060120240480960874	0.8908796803174012	1.3557540246232116	
0.38076152304609145	0.8697554505010979	0.060405654298559375	
0.501002004008015	0.8318926732336999	0.32107757918694707	
0.6613226452905803	0.7553327589233167	0.8442700860063292	
0.701402805611222	0.7320580355110295	0.34854307193283257	
1.0621242484969944	0.4819777518717996	0.6021364330491839	
1.182364729458918	0.39744385593703624	0.24801592311331472	
1.3026052104208414	0.3197849671887615	-0.302191649791539	
1.3827655310621232	0.27312445488142023	-0.27282431646333016	
1.422845691382765	0.2514901991858137	0.4620325974665218	
1.7034068136272538	0.13256699924667048	0.3193279281503887	
1.863727454909819	0.08914508771460883	0.26557374327150357	
1.9438877755511026	0.07378486043564703	-0.007935915648842062	
2.064128256513026	0.05840598176111522	-0.011839405084374244	
2.344689378757515	0.05233513829575165	0.3252273782233162	
2.6653306613226455	0.05296785999279263	-0.431567215690656	
2.865731462925851	0.018509549407068393	-0.2643756332568808	
2.9058116232464926	0.006558523467979471	0.02142701916275675	
2.9458917835671343	-0.007096707097754007	0.0014275311256359605	
3.306613226452905	-0.17704427526364708	-0.32650459558269196	
3.3867735470941884	-0.21284743783346205	-0.04941960778515595	
3.507014028056112	-0.2521208307710804	0.6616886013938302	
3.5470941883767537	-0.26001693436714113	-0.11184936141248797	
3.5871743486973937	-0.2648723511797718	0.33459299701909384	
3.6673346693386772	-0.2647837309880853	0.5773659640505509	
3.7875751503006008	-0.2393641406881749	-0.31153079300436975	
4.428857715430862	0.11173749636684172	-0.0021033432728748596	
4.949899799599198	0.036861222050244336	-0.018144845505577184	
4.98997995991984	0.02428635444048266	0.08951582906525245	
5.0300601202404795	0.013281638293296538	0.30978029871675244	
5.150300601202405	-0.005278987883267083	0.41460053759681126	
5.270541082164328	0.0064249024484724915	0.018237881475036924	
5.511022044088175	0.1425409641144264	0.2403443774240295	
5.551102204408817	0.17965223658095542	0.6303443546274455	
5.671342685370741	0.31167018596939866	-0.1113002554442371	
5.7114228456913825	0.36153771626788966	0.2878895382349647	
5.911823647294588	0.6393314347159874	0.5694869552897014	
6.072144288577153	0.8760191320759647	0.5010727087500654	
6.112224448897795	0.934868107317642	0.971149887339766	
6.192384769539078	1.050683435620073	0.755012288319197	
6.23246492985972	1.107303077437493	1.142023125896337	
6.352705410821642	1.2702225594003385	1.0259698435148403	
6.432865731462925	1.3717127867340206	1.7578163049586277	
6.472945891783567	1.4199244227915016	1.290623093961562	
6.513026052104209	1.4662614605046254	1.3470181159911552	
6.673346693386772	1.6297438060319314	1.4103187591203523	
6.873747494989978	1.771507920930778	2.3751255571440577	
6.9138276553106195	1.7896368136726253	2.108480428507322	
7.034068136272545	1.8206109533002395	1.5865904634680863	
7.074148296593187	1.8227562116054914	2.0823983617612867	
7.114228456913828	1.820704863603036	1.8802879774679648	
7.194388777555108	1.8040333857290793	1.9371220556008057	
7.354709418837675	1.7231809192306407	2.4233448699727185	
7.434869739478959	1.6623490448395546	1.7561603297074757	
7.595190380761522	1.5136895030843593	1.235844040828588	
7.9959919839679365	1.1532809696057513	0.8306574133487854	
8.196392785571142	1.063871746980432	1.3765190537472405	
8.396793587174347	1.043929458570199	1.264927079841822	
8.436873747494989	1.0455257468505144	1.3761647451463146	
8.75751503006012	1.0615686685618888	1.408934088148325	
8.797595190380761	1.0586775321736133	1.4405214392003907	
8.837675350701403	1.0538030392780093	0.6946230120402213	
8.997995991983966	1.0121928106529188	0.9942661295455745	
9.478957915831664	0.7142643376134442	0.9824266752743669	
9.639278557114228	0.5993921453840455	0.9098951179318959	
9.839679358717433	0.4788285322908057	0.9601354782580944	
9.919839679358716	0.44172270802706515	0.12093799806292055	
