-10.0	0.9653956283844173	0.2855711155515286	
-9.599198396793588	0.9235725873540174	0.9016258168426271	
-9.39879759519038	0.8841568525226308	0.34002275940649407	
-9.238476953907815	0.8422474272474658	0.8747012988067632	
-8.997995991983968	0.7682393669791194	1.5210384423361003	
-8.877755511022045	0.7322498588988473	1.535248945698195	
-8.71743486973948	0.6953671362670168	1.5224882261141015	
-8.677354709418838	0.6895153761590385	1.1472413327029096	
-8.597194388777556	0.6834235447925858	1.126302495180764	
-8.43687374749499	0.6998780868657353	0.8107768681945786	
-8.396793587174349	0.7111442720817764	1.0401250526794485	
-8.316633266533067	0.7434332513102572	1.4485926552398114	
-8.276553106212425	0.7647001152356303	0.6505756133735339	
-7.9959919839679365	1.0124414805429465	1.6014413953921478	
-7.515030060120241	1.7123959545913174	1.3399434537661872	
-7.114228456913828	2.1807564333540643	1.8921072949641262	
-6.913827655310621	2.265780820190133	2.014069666810704	
-6.753507014028056	2.2577673574208483	2.162838144097009	
-6.593186372745491	2.1991086485540574	2.383531732014246	
-6.513026052104209	2.158571327786345	1.8213235067898597	
-6.432865731462925	2.115427093277093	2.2383453103458315	
-6.352705410821644	2.0734313461278804	1.6594971514936094	
-6.23246492985972	2.0203462950960027	1.9570655008561957	
-5.95190380761523	1.9894182683671071	2.1699398940570545	
-5.631262525050101	2.14324353171991	2.8619318897892962	
-5.551102204408818	2.202041586900568	2.4705274827553065	
-5.31062124248497	2.3712533380084686	2.7712018994348413	
-5.270541082164329	2.3933097421547753	2.8369022353509665	
-5.110220440881764	2.4489866153378954	3.6727239554011213	
-4.909819639278557	2.4296069125442217	3.147171423553515	
-4.709418837675351	2.315721105582406	3.171532176265218	
-4.468937875751503	2.113105297727013	2.1664517760931545	
-4.268537074148297	1.9600681731519458	2.3197266006097816	
-4.148296593186373	1.898551947829265	2.0907722013762173	
-4.108216432865731	1.8845830764380107	1.88278388904014	
-3.8276553106212425	1.8778139446894269	1.9690520241077398	
-3.7875751503006017	1.8875751354412311	1.6702415537149777	
-3.6673346693386772	1.925522729256217	1.8567334756869927	
-3.5470941883767537	1.9671277138446057	1.6470601756842054	
-3.3466933867735476	2.0113016639775547	2.4390030853422893	
-3.1462925851703414	1.9830990431935667	1.8420268954962564	
-2.9458917835671343	1.8567333723604382	2.205458486008292	
-2.825651302605211	1.7338059462929962	2.3570246552458567	
-2.745490981963928	1.6349439270502097	2.1086008772950717	
-2.7054108216432873	1.581222227511079	1.5949864725976561	
-2.6653306613226455	1.5250508304757113	1.616336980221619	
-2.545090180360722	1.3452465417029045	1.917272664693681	
-2.50501002004008	1.2827430548741319	1.0582909374005012	
-2.344689378757515	1.0296218036414355	0.9823978242001277	
-2.2244488977955914	0.8462106581388511	0.8658757146072181	
-2.1442885771543088	0.7315838782418769	0.8938796788208496	
-1.8637274549098208	0.40493503241062334	0.8637897915944812	
-1.823647294589179	0.36934533292168603	0.4498989009216694	
-1.7835671342685373	0.3366736084893498	0.5903542277195571	
-1.6633266533066138	0.2560383484654639	1.006479915865958	
-1.4228456913827667	0.16895133130807294	0.2857115359477863	
-1.3426853707414832	0.1601632983293796	0.28174615003378406	
-1.2224448897795597	0.16442852034533717	0.7790003389155842	
-1.1022044088176361	0.18862711920548325	-0.03758628810658737	
-1.0621242484969944	0.20095546298727407	0.028513128079281524	
-0.9819639278557126	0.23178099462500124	0.5709025267389016	
-0.9418837675350709	0.25018724124420233	0.6826496294341452	
-0.8617234468937873	0.2926958538563561	0.3528783166340599	
-0.701402805611222	0.39809534988661877	0.668620377424753	
-0.6212424849699403	0.4590634029317686	0.7732096604628234	
-0.5410821643286585	0.5238230610430483	1.0660370959893168	
-0.5010020040080168	0.5571335541450797	0.9262660834469747	
-0.460921843687375	0.5907764818807943	1.002515903521059	
-0.4208416833667332	0.62452323338319	1.1372997708192112	
-0.26052104208416793	0.755794162851208	1.0003499360710226	
-0.22044088176352794	0.7864919507822532	0.8357745852120466	
-0.18036072144288617	0.8158826156561436	0.7856403910853035	
-0.1402805611222444	0.8437542576438583	0.8098834009786445	
0.020040080160320883	0.9363930390277851	1.066206013737284	
0.10020040080160264	0.9694265032582248	1.079358806444973	
0.1402805611222444	0.9822950355828362	0.8188850717329199	
0.18036072144288617	0.9926757583521139	1.0744919235791632	
0.3406813627254497	1.00952354594298	1.271337833721736	
0.38076152304609145	1.0078309345398557	0.060405654298559375	
0.460921843687375	0.9980325313255245	0.23042816947035494	
0.6212424849699403	0.9567319609909277	0.9081893833046708	
0.7815631262525038	0.8952507018137064	0.47089042625330635	
1.182364729458918	0.7167607536111473	0.24801592311331472	
1.3827655310621232	0.6336961480009442	-0.27282431646333016	
1.422845691382765	0.6176379001107768	0.4620325974665218	
1.5030060120240485	0.5856300419182582	0.2132771024639926	
1.7835671342685373	0.46713277038980794	0.12072560516951289	
1.863727454909819	0.4293718677770302	0.26557374327150357	
2.064128256513026	0.3256995604406623	-0.011839405084374244	
2.7454909819639273	0.011820936469885135	0.1059145951171051	
2.825651302605209	-0.00016618986651484313	-0.17354471874339997	
3.066132264529058	0.01286172009366049	-0.16694499895975048	
3.306613226452905	0.09088442513268724	-0.32650459558269196	
3.3867735470941884	0.12691706394567326	-0.04941960778515595	
3.507014028056112	0.1858326988225718	0.6616886013938302	
3.6673346693386772	0.2660349444000982	0.5773659640505509	
3.747494989979959	0.30376080222783575	0.3727598706607118	
3.8276553106212425	0.3382286005520785	0.3317178951958885	
3.8677354709418825	0.35388880155582536	-0.5710755703503716	
3.9078156312625243	0.36832905770356117	-0.3493442686473036	
3.947895791583166	0.38143267315425566	-0.5110667214205813	
4.028056112224448	0.4032120692515331	-0.32479301337757044	
4.188376753507013	0.42673123574161886	-0.09999141371433397	
4.5490981963927855	0.372699138166688	0.4502819230253606	
4.629258517034067	0.34251685266884957	0.700561155131547	
4.709418837675351	0.30770556744497624	0.013053125922204457	
4.829659318637274	0.2502071335738725	-0.20383425712749825	
4.949899799599198	0.19209914066540912	-0.018144845505577184	
4.98997995991984	0.17385603683154016	0.08951582906525245	
5.7114228456913825	0.2607726209646193	0.2878895382349647	
5.751503006012024	0.2972715310863383	-0.2078644178699175	
5.9519038076152295	0.5205849152171014	0.2736706627129575	
5.991983967935871	0.5713449570627166	0.9048234198207972	
6.032064128256511	0.6233398754230479	0.574171369647016	
6.112224448897795	0.7295357044070234	0.971149887339766	
6.152304609218437	0.7829745015663443	1.1661716872691374	
6.23246492985972	0.8886410977454071	1.142023125896337	
6.312625250501	0.9902762138329214	0.7302168320806967	
6.352705410821642	1.0387361168822058	1.0259698435148403	
6.673346693386772	1.3361302008857734	1.4103187591203523	
6.753507014028056	1.3798358214033275	1.6617006601027173	
7.034068136272545	1.4356496692829508	1.5865904634680863	
7.114228456913828	1.4280386230863882	1.8802879774679648	
7.1543086172344665	1.421209543127663	2.6656071960034375	
7.274549098196392	1.391133689251054	1.6406692265776908	
7.314629258517034	1.3786103080995011	1.7161010930322114	
7.354709418837675	1.3651770701697101	2.4233448699727185	
7.394789579158317	1.3510265014352514	1.2318684708699892	
7.595190380761522	1.2754357318528875	1.235844040828588	
7.715430861723448	1.230974838511897	1.3206316104073574	
7.955911823647295	1.1527146516736697	1.1743489857598768	
7.9959919839679365	1.1411086770251475	0.8306574133487854	
8.036072144288575	1.1298152071655352	1.2195143969109972	
8.236472945891784	1.0754886348077521	0.9873998550846532	
8.276553106212425	1.0644535159516706	0.9629534808923417	
8.356713426853705	1.0414870586748388	0.8777404127309233	
8.436873747494989	1.0167562134573263	1.3761647451463146	
8.557114228456914	0.9751182090373641	1.1186801368739256	
8.597194388777556	0.9598323012211748	1.0496593747432472	
8.677354709418836	0.9270250376408411	1.2902321458167356	
8.75751503006012	0.891314287206026	1.408934088148325	
8.797595190380761	0.8724642960737846	1.4405214392003907	
9.318637274549097	0.6189179888291155	0.45390643686239934	
9.519038076152302	0.559079912341786	0.4819046913283659	
9.599198396793586	0.5470823752725362	0.6179061168467505	
9.639278557114228	0.5438831020965004	0.9098951179318959	
9.759519038076153	0.5455376001268203	0.5576304719564115	
9.799599198396791	0.549735497131981	0.620765047756296	
9.919839679358716	0.5723034530826925	0.12093799806292055	
9.959919839679358	0.5828126905040838	0.05736718104333349	
