-9.879759519038076	0.3217011749237638	0.4189647944984294	
-9.799599198396793	0.3968170103326968	0.7123903603470841	
-9.519038076152304	0.689847167692262	0.5505350112504985	
-9.478957915831664	0.72935983146582	0.9829746651726912	
-9.278557114228457	0.892198457898326	1.0526287445695044	
-9.238476953907815	0.9160026578192499	0.8747012988067632	
-9.198396793587175	0.9365365159784724	1.2766853712792527	
-9.118236472945892	0.9677327338313526	0.5311475344378664	
-9.07815631262525	0.9785157598085479	1.309130923506017	
-8.877755511022045	0.9916821925914072	1.535248945698195	
-8.71743486973948	0.9722450058178471	1.5224882261141015	
-8.677354709418838	0.9664802023312126	1.1472413327029096	
-8.637274549098196	0.9611919726360119	0.5247627082657531	
-8.517034068136272	0.9521585535992669	1.3079360473955148	
-8.316633266533067	0.9796015324318192	1.4485926552398114	
-8.236472945891784	1.010658560616338	1.1273383897320906	
-8.156312625250502	1.0542164212425194	1.213897649429934	
-8.076152304609218	1.1098993333889673	0.5128185472482402	
-8.036072144288577	1.1419709972771104	1.2880091747243478	
-7.915831663326653	1.2526271171789745	1.6002061879215135	
-7.835671342685371	1.3357185251700998	1.0905818173771678	
-7.715430861723447	1.4679062183549934	1.4082353508485912	
-7.515030060120241	1.6851110152748583	1.3399434537661872	
-7.19438877755511	1.9419919593478445	1.9281511976904693	
-6.833667334669339	2.031567860357382	2.5097395800712707	
-6.593186372745491	2.0175639444186557	2.383531732014246	
-6.513026052104209	2.0129826697893196	1.8213235067898597	
-6.3927855711422845	2.0151100840313987	1.7406254871206315	
-6.312625250501002	2.02578607144159	1.3928352342119301	
-6.272545090180361	2.034578367366109	0.702429949363959	
-6.112224448897796	2.0959499621082345	1.9527911620205995	
-6.072144288577155	2.118104601850784	1.7520683646698876	
-6.032064128256513	2.1429318747315294	1.5941311919484091	
-5.991983967935872	2.1703261689373545	1.8835255561043296	
-5.831663326653307	2.301938964516012	2.157836300734963	
-5.751503006012024	2.3773222222579635	2.41282031248297	
-5.470941883767535	2.6425505956102726	2.4777006484095216	
-5.350701402805611	2.732654282894647	2.5758242284189414	
-5.31062124248497	2.7567472650756275	2.7712018994348413	
-5.270541082164329	2.777339713055465	2.8369022353509665	
-4.949899799599199	2.7925987318503624	3.2086190780559987	
-4.829659318637275	2.726544971538634	3.13345313086415	
-4.629258517034068	2.5450378273302197	2.6511576005214916	
-4.589178356713427	2.5008920463093762	2.9328129404228616	
-4.5490981963927855	2.4550463485550837	2.5991198170632193	
-3.987975951903808	1.8731065121390091	1.7839149146381788	
-3.5470941883767537	1.81741316250156	1.6470601756842054	
-3.3466933867735476	1.8920699346187901	2.4390030853422893	
-3.1062124248496996	1.9688873339682638	1.9479824401068264	
-2.9058116232464934	1.9557725664496044	2.271175462734526	
-2.745490981963928	1.8672760791277265	2.1086008772950717	
-2.7054108216432873	1.8335113019334788	1.5949864725976561	
-2.585170340681363	1.7059711958572672	1.8387394763443201	
-2.4649298597194393	1.5446974458907254	1.3753069725949771	
-2.4248496993987976	1.4851593427026746	1.008496886216112	
-2.1442885771543088	1.036257529950594	0.8938796788208496	
-2.104208416833668	0.9735557679145886	1.1364758990008577	
-1.9438877755511026	0.7445861521436767	1.0239306810123892	
-1.8637274549098208	0.6481123815129619	0.8637897915944812	
-1.823647294589179	0.6053197811532653	0.4498989009216694	
-1.7835671342685373	0.566400599632145	0.5903542277195571	
-1.3026052104208414	0.411614904407263	0.7356270826652942	
-1.182364729458918	0.45115941257547487	0.8738152588805214	
-1.0621242484969944	0.5115868100753684	0.028513128079281524	
-1.0220440881763526	0.5352074380598557	0.44899733591535024	
-0.9018036072144291	0.6128238608568817	0.2087806545027961	
-0.8617234468937873	0.6400534374680344	0.3528783166340599	
-0.5010020040080168	0.8653867714774378	0.9262660834469747	
-0.26052104208416793	0.9466388234748132	1.0003499360710226	
-0.22044088176352794	0.9524670137267836	0.8357745852120466	
-0.18036072144288617	0.9560145797356037	0.7856403910853035	
0.020040080160320883	0.9410244044172427	1.066206013737284	
0.060120240480960874	0.9320163012709347	1.3557540246232116	
0.460921843687375	0.764476667156847	0.23042816947035494	
0.501002004008015	0.7424390546883428	0.32107757918694707	
0.5811623246492985	0.6966831108553625	0.8314131999613045	
0.6613226452905803	0.6491362523110661	0.8442700860063292	
0.9018036072144291	0.5003770534459826	0.8938574307664865	
1.0220440881763526	0.42543961993656787	0.18919738891516297	
1.0621242484969944	0.40083430764125283	0.6021364330491839	
1.182364729458918	0.32934589900030997	0.24801592311331472	
1.3026052104208414	0.2634265951223346	-0.302191649791539	
1.422845691382765	0.20591687990674667	0.4620325974665218	
1.5831663326653302	0.14689001189736595	-0.10039562255417835	
1.7034068136272538	0.1182692957612127	0.3193279281503887	
1.863727454909819	0.10161758769333296	0.26557374327150357	
1.9839679358717426	0.10311265327597607	0.6875416619999721	
2.104208416833666	0.11260787104684267	0.11330688130438396	
2.3847695390781567	0.13588067588269503	-0.13072027664015778	
2.7054108216432855	0.09764812147359159	-0.5305083487331351	
2.825651302605209	0.05807309559020701	-0.17354471874339997	
2.9058116232464926	0.02595250619057432	0.02142701916275675	
2.9458917835671343	0.008779988832989916	0.0014275311256359605	
3.1062124248496996	-0.06129270094087447	0.28868074635504876	
3.1863727454909814	-0.09320542733083703	-0.3897095976647804	
3.226452905811623	-0.10739532798024876	-0.27170056434386236	
3.4268537074148284	-0.15118742474465507	0.16219937607832557	
3.46693386773547	-0.15328832559305494	-0.14239410936802446	
3.507014028056112	-0.15292645220073064	0.6616886013938302	
3.6272545090180355	-0.1370387235585585	-0.2670376531942682	
3.6673346693386772	-0.1270139136035634	0.5773659640505509	
3.947895791583166	-0.00887401936712473	-0.5110667214205813	
4.028056112224448	0.0321314438975876	-0.32479301337757044	
4.108216432865731	0.07175122850771598	0.1385063799443919	
4.188376753507013	0.10754888470944501	-0.09999141371433397	
4.228456913827655	0.12334221779205201	-0.2951421709800188	
4.468937875751502	0.17754068603292716	0.5185333883900403	
4.589178356713425	0.1764580038676512	-0.20796381217799254	
4.629258517034067	0.17245160970330897	0.700561155131547	
4.7895791583166325	0.14416113391054675	0.09188231236488845	
4.869739478957916	0.1267838416134528	0.07414792748470846	
5.150300601202405	0.09326744862637415	0.41460053759681126	
5.31062124248497	0.11912153791259517	-0.24830035824431257	
5.591182364729459	0.2718565493866776	0.22133732740121215	
5.671342685370741	0.3393691631337523	-0.1113002554442371	
5.871743486973948	0.544648602235883	0.7833519763060453	
5.9519038076152295	0.6381916866255167	0.2736706627129575	
6.112224448897795	0.8382870649709289	0.971149887339766	
6.23246492985972	0.9950189186845383	1.142023125896337	
6.272545090180358	1.047670860362834	0.7123120883458532	
6.312625250501	1.1002222183619086	0.7302168320806967	
6.352705410821642	1.1524693693341974	1.0259698435148403	
6.553106212424851	1.400832476685389	1.5152065608950656	
6.593186372745489	1.4460291124234588	1.6274408073593212	
6.633266533066131	1.4890299912520306	1.618386949012248	
6.753507014028056	1.6016257351781622	1.6617006601027173	
6.793587174348698	1.632617918546818	1.9413035123435487	
6.873747494989978	1.682980752307392	2.3751255571440577	
6.993987975951903	1.7257686887526404	1.8748929250227808	
7.114228456913828	1.7255335296116412	1.8802879774679648	
7.1543086172344665	1.715727639834367	2.6656071960034375	
7.354709418837675	1.6007116388018798	2.4233448699727185	
7.474949899799597	1.4914082357329936	2.0566210812349293	
7.635270541082164	1.327159235480379	1.5094218918750297	
7.715430861723448	1.2478127870692681	1.3206316104073574	
7.755511022044086	1.2108512737661628	1.498182910668293	
8.036072144288575	1.0419769070084954	1.2195143969109972	
8.116232464929858	1.0288540810007498	1.1336051882403622	
8.557114228456914	1.144596991173021	1.1186801368739256	
8.717434869739478	1.1846038855236563	0.9988902096408652	
8.75751503006012	1.188121081613027	1.408934088148325	
8.837675350701403	1.18528027356535	0.6946230120402213	
8.917835671342683	1.168231095621617	0.7400977346367502	
8.957915831663325	1.1542378663695456	1.1159838275626077	
9.118236472945892	1.0638333456299627	0.4416878463037549	
9.318637274549097	0.8915315365486113	0.45390643686239934	
9.358717434869739	0.8525868057021297	0.7047021150399722	
9.478957915831664	0.7339578282161815	0.9824266752743669	
9.719438877755511	0.5222592474262578	0.934965344979969	
9.959919839679358	0.39398823509014436	0.05736718104333349	
