-9.919839679358718	0.6015216377745453	0.21393696412334592	
-9.719438877755511	0.7083424417521071	1.2545841917166676	
-9.639278557114228	0.7506437638087913	0.4254915488363302	
-9.519038076152304	0.8135613957309924	0.5505350112504985	
-9.318637274549099	0.9167955557917352	0.9840539763176509	
-9.238476953907815	0.9574484808926946	0.8747012988067632	
-9.118236472945892	1.0176663377249182	0.5311475344378664	
-9.07815631262525	1.0375240026734445	1.309130923506017	
-9.03807615230461	1.0572692787479823	1.3012174945017956	
-8.957915831663327	1.0964109747261015	0.8660424877850986	
-8.917835671342685	1.1158015878393683	0.6766295284404962	
-8.877755511022045	1.1350681998161716	1.535248945698195	
-8.637274549098196	1.2479048164585107	0.5247627082657531	
-8.236472945891784	1.4241933657138246	1.1273383897320906	
-8.196392785571142	1.4409303105789837	1.224139269522715	
-8.156312625250502	1.4574949420691776	1.213897649429934	
-8.076152304609218	1.490097499103867	0.5128185472482402	
-8.036072144288577	1.5061306144600766	1.2880091747243478	
-7.9959919839679365	1.5219817972361402	1.6014413953921478	
-7.955911823647295	1.5376487176862188	1.2701344850010468	
-7.915831663326653	1.5531290772388746	1.6002061879215135	
-7.675350701402806	1.6419688050673331	1.5380550299257085	
-7.635270541082164	1.656081614328844	1.1655183557575683	
-7.474949899799599	1.7104754962570148	1.9128252741259195	
-7.434869739478958	1.72354993789585	1.3973938515615112	
-7.19438877755511	1.7974542763895387	1.9281511976904693	
-7.114228456913828	1.8203179285591446	1.8921072949641262	
-6.8737474949899795	1.8834226399987064	2.17776935451838	
-6.6332665330661325	1.9380744673982533	1.9140538121982804	
-6.55310621242485	1.9543702559960905	2.0377834105723283	
-6.352705410821644	1.9908354032793671	1.6594971514936094	
-6.312625250501002	1.9973895014344114	1.3928352342119301	
-6.272545090180361	2.0036957327940623	0.702429949363959	
-6.032064128256513	2.0362993130155944	1.5941311919484091	
-5.991983967935872	2.0408571939459623	1.8835255561043296	
-5.95190380761523	2.0451639974776166	2.1699398940570545	
-5.751503006012024	2.0629272428875973	2.41282031248297	
-5.551102204408818	2.0744073988909153	2.4705274827553065	
-5.190380761523047	2.0793439068363395	2.593990458323369	
-4.98997995991984	2.073473227461476	2.729184550191119	
-4.949899799599199	2.071572921919658	3.2086190780559987	
-4.789579158316633	2.0615856953215888	2.6388678052213934	
-4.709418837675351	2.05517699456627	3.171532176265218	
-4.5490981963927855	2.039581756264021	2.5991198170632193	
-4.468937875751503	2.0304183674253045	2.1664517760931545	
-4.388777555110221	2.0203611047316206	2.65258144432062	
-4.308617234468938	2.0094233365272856	1.639879613184025	
-4.268537074148297	2.0036286314235427	2.3197266006097816	
-4.228456913827656	1.997619128283247	2.181584836938472	
-4.028056112224449	1.9644163790248823	1.694484910769494	
-3.7875751503006017	1.9179007693963777	1.6702415537149777	
-3.6272545090180364	1.8830661639806454	1.2319286855976526	
-3.5470941883767537	1.864558125937961	1.6470601756842054	
-3.42685370741483	1.8354886149065641	2.4183458865425282	
-3.306613226452906	1.804912244255002	1.8119533920026916	
-3.1863727454909823	1.7729011889483517	1.6686245279064738	
-3.1462925851703414	1.76192484152726	1.8420268954962564	
-3.1062124248496996	1.7508001708372967	1.9479824401068264	
-3.026052104208417	1.728117268578389	2.093086457959749	
-2.344689378757515	1.5151782361742483	0.9823978242001277	
-2.1843687374749505	1.46083663314311	1.1830058612600296	
-2.1442885771543088	1.4470575922877464	0.8938796788208496	
-2.104208416833668	1.4332076398422755	1.1364758990008577	
-2.0240480961923852	1.405308160830716	1.069351585978908	
-1.7835671342685373	1.320251242954209	0.5903542277195571	
-1.7434869739478955	1.3059118355031443	0.1817730014428518	
-1.6633266533066138	1.2771230441981902	1.006479915865958	
-1.623246492985972	1.2626803235952746	0.7216144119933798	
-1.5831663326653302	1.2482098277571612	0.5288375114063328	
-1.4228456913827667	1.1901166379315755	0.2857115359477863	
-1.382765531062125	1.1755571465351222	0.271868400626266	
-1.3026052104208414	1.146417915979475	0.7356270826652942	
-1.1422845691382761	1.0881506980133688	-0.04316159003844122	
-1.0621242484969944	1.0590751070890752	0.028513128079281524	
-0.7815631262525056	0.9580565008286432	-0.7192992600915666	
-0.5811623246492985	0.8870546452766809	1.274869897001413	
-0.4208416833667332	0.8312426426119499	1.1372997708192112	
-0.3006012024048097	0.7900866995436461	0.23183167884832756	
-0.26052104208416793	0.7765175518286126	1.0003499360710226	
-0.1402805611222444	0.7362985499111308	0.8098834009786445	
0.020040080160320883	0.6839166456334833	1.066206013737284	
0.18036072144288617	0.6331137376816821	1.0744919235791632	
0.4208416833667332	0.5602284452919757	0.6485670730650019	
0.460921843687375	0.5484993922042984	0.23042816947035494	
0.5410821643286567	0.5254209098575595	0.6239242180141591	
0.8216432865731456	0.448860841360204	1.2380249910695134	
1.0621242484969944	0.3888503642050172	0.6021364330491839	
1.1422845691382761	0.3700722170446179	0.3727817812395856	
1.182364729458918	0.3609204842438053	0.24801592311331472	
1.3026052104208414	0.33443335105798855	-0.302191649791539	
1.5030060120240485	0.293601338079131	0.2132771024639926	
1.5430861723446885	0.2859438727770427	0.088628681994059	
1.623246492985972	0.2711475250591693	0.31239630749713215	
1.7835671342685373	0.24365912642208873	0.12072560516951289	
1.9038076152304608	0.2249142071529001	-0.26104200310041636	
1.9438877755511026	0.21902684247940804	-0.007935915648842062	
2.0240480961923843	0.2077978846668835	-0.37513536577415796	
2.6252505010020037	0.147146266795636	0.21124393652338763	
2.9058116232464926	0.13319505971268228	0.02142701916275675	
2.9458917835671343	0.13194494485196848	0.0014275311256359605	
3.306613226452905	0.1289387700924509	-0.32650459558269196	
3.3867735470941884	0.13025770126884004	-0.04941960778515595	
3.46693386773547	0.1322854390264576	-0.14239410936802446	
3.507014028056112	0.13356277495847865	0.6616886013938302	
3.5871743486973937	0.13663936470059287	0.33459299701909384	
3.8677354709418825	0.15277013845528362	-0.5710755703503716	
3.9078156312625243	0.15573923484766702	-0.3493442686473036	
3.947895791583166	0.15887054449654545	-0.5110667214205813	
4.028056112224448	0.16561413547645384	-0.32479301337757044	
4.348697394789578	0.19877900142037594	0.3224004763843728	
4.38877755511022	0.2035944349267624	0.3052427227416224	
4.468937875751502	0.21365302563605312	0.5185333883900403	
4.509018036072144	0.21889258610146475	-0.21212319680416586	
4.629258517034067	0.23543017431393806	0.700561155131547	
4.669338677354709	0.24120936495132492	0.4372255655814802	
4.709418837675351	0.2471186686886779	0.013053125922204457	
4.7895791583166325	0.25931972169651296	0.09188231236488845	
4.829659318637274	0.2656074651114675	-0.20383425712749825	
5.190380761523045	0.32744032063984074	-0.21867180979978879	
5.631262525050099	0.4141494095096986	0.729380626990257	
5.791583166332664	0.448169631263478	1.1452982966463519	
6.032064128256511	0.5011923155853029	0.574171369647016	
6.072144288577153	0.5102309354196549	0.5010727087500654	
6.352705410821642	0.5747959597207052	1.0259698435148403	
6.553106212424851	0.6219845246193845	1.5152065608950656	
6.633266533066131	0.6410304252432839	1.618386949012248	
6.673346693386772	0.6505802389751325	1.4103187591203523	
6.8336673346693395	0.6889025829957308	1.516375006383258	
6.873747494989978	0.6985020118622183	2.3751255571440577	
7.074148296593187	0.7464940922359622	2.0823983617612867	
7.194388777555108	0.7752014202723011	1.9371220556008057	
7.274549098196392	0.7942647124578257	1.6406692265776908	
7.354709418837675	0.8132469840397976	2.4233448699727185	
7.635270541082164	0.8787920719735128	1.5094218918750297	
7.675350701402806	0.8880135136888917	1.0623735226611057	
7.875751503006011	0.9334518328140166	0.9373388061954295	
8.036072144288575	0.9688793963114564	1.2195143969109972	
8.517034068136272	1.0689707508517405	1.0942584348273394	
8.557114228456914	1.076827725264871	1.1186801368739256	
8.637274549098194	1.092293704106723	1.1710015873643145	
9.238476953907814	1.1966486955329263	0.8248636913676652	
9.39879759519038	1.2206658835458946	0.954799395604245	
9.478957915831664	1.2320258050892532	0.9824266752743669	
9.519038076152302	1.2375402518765992	0.4819046913283659	
9.559118236472944	1.2429431611281423	0.8507657857337718	
9.599198396793586	1.248233674179666	0.6179061168467505	
9.639278557114228	1.2534109624099572	0.9098951179318959	
9.799599198396791	1.2729723476073411	0.620765047756296	
9.959919839679358	1.2906636699261034	0.05736718104333349	
10.0	1.294789611906956	0.319267305154818	
