0 1.021605880891826
1 -0.13555722211203003
2 -1.4348726037376327
3 -1.6667706073068098
4 -1.8164550908786312
5 -1.8490207850617093
6 -1.8521778588186226
7 -1.8524657495646926
8 -0.8530504621924759
9 -0.8600694572597423
10 0.13992173785666928
11 -0.16264485245660332
12 -0.3577440480574161
13 0.637689831451894
14 0.29614768395689417
15 1.3502846649748133
16 0.916521433440904
17 0.8243974954950719
18 0.7556066526599245
19 1.6989023363967668
20 1.6989023363967668
21 1.6989023363967668
22 1.6989023363967668
23 1.6989023363967668
24 1.6989023363967668
25 1.6989023363967668
26 1.6989023363967668
27 1.6989023363967668
28 1.6989023363967668
29 1.6989023363967668
30 1.6989023363967668
31 1.6989023363967668
32 1.6989023363967668
33 1.6989023363967668
34 1.6989023363967668
35 1.6989023363967668
36 1.6989023363967668
37 1.6989023363967668
38 1.6989023363967668
39 1.6989023363967668
40 1.6989023363967668
41 1.6989023363967668
42 1.6989023363967668
43 1.6989023363967668
44 1.6989023363967668
45 1.6989023363967668
46 1.6989023363967668
47 1.6989023363967668
48 1.6989023363967668
49 1.6989023363967668
50 1.6989023363967668
51 1.6989023363967668
52 1.6989023363967668
53 1.6989023363967668
54 1.6989023363967668
55 1.6989023363967668
56 1.6989023363967668
57 1.6989023363967668
58 1.6989023363967668
59 1.6989023363967668
60 1.6989023363967668
61 1.6989023363967668
62 1.6989023363967668
63 1.6989023363967668
64 1.6989023363967668
65 1.6989023363967668
66 1.6989023363967668
67 1.6989023363967668
68 1.6989023363967668
69 1.6989023363967668
70 1.6989023363967668
71 1.6989023363967668
72 1.6989023363967668
73 1.6989023363967668
74 1.6989023363967668
75 1.6989023363967668
76 1.6989023363967668
77 1.6989023363967668
78 1.6989023363967668
79 1.6989023363967668
80 1.6989023363967668
81 1.6989023363967668
82 1.6989023363967668
83 1.6989023363967668
84 1.6989023363967668
85 1.6989023363967668
86 1.6989023363967668
87 1.6989023363967668
88 1.6989023363967668
89 1.6989023363967668
90 1.6989023363967668
91 1.6989023363967668
92 1.6989023363967668
93 1.6989023363967668
94 1.6989023363967668
95 1.6989023363967668
96 1.6989023363967668
97 1.6989023363967668
98 1.6989023363967668
99 1.6989023363967668
100 1.6989023363967668
101 1.6989023363967668
102 1.6989023363967668
103 1.6989023363967668
104 1.6989023363967668
105 1.6989023363967668
106 1.6989023363967668
107 1.6989023363967668
108 1.6989023363967668
109 1.6989023363967668
110 1.6989023363967668
111 1.6989023363967668
112 1.6989023363967668
113 1.6989023363967668
114 1.6989023363967668
115 1.6989023363967668
116 1.6989023363967668
117 1.6989023363967668
118 1.6989023363967668
119 1.6989023363967668
120 1.6989023363967668
121 1.6989023363967668
122 1.6989023363967668
123 1.6989023363967668
124 1.6989023363967668
125 1.6989023363967668
126 1.6989023363967668
127 1.6989023363967668
128 1.6989023363967668
129 1.6989023363967668
130 1.6989023363967668
131 1.6989023363967668
132 1.6989023363967668
133 1.6989023363967668
134 1.6989023363967668
135 1.6989023363967668
136 1.6989023363967668
137 1.6989023363967668
138 1.6989023363967668
139 1.6989023363967668
140 1.6989023363967668
141 1.6989023363967668
142 1.6989023363967668
143 1.6989023363967668
144 1.6989023363967668
145 1.6989023363967668
146 1.6989023363967668
147 1.6989023363967668
148 1.6989023363967668
149 1.6989023363967668
150 1.6989023363967668
151 1.6989023363967668
152 1.6989023363967668
153 1.6989023363967668
154 1.6989023363967668
155 1.6989023363967668
156 1.6989023363967668
157 1.6989023363967668
158 1.6989023363967668
159 1.6989023363967668
160 1.6989023363967668
161 1.6989023363967668
162 1.6989023363967668
163 1.6989023363967668
164 1.6989023363967668
165 1.6989023363967668
166 1.6989023363967668
167 1.6989023363967668
168 1.6989023363967668
169 1.6989023363967668
170 1.6989023363967668
171 1.6989023363967668
172 1.6989023363967668
173 1.6989023363967668
174 1.6989023363967668
175 1.6989023363967668
176 1.6989023363967668
177 1.6989023363967668
178 1.6989023363967668
179 1.6989023363967668
180 1.6989023363967668
181 1.6989023363967668
182 1.6989023363967668
183 1.6989023363967668
184 1.6989023363967668
185 1.6989023363967668
186 1.6989023363967668
187 1.6989023363967668
188 1.6989023363967668
189 1.6989023363967668
190 1.6989023363967668
191 1.6989023363967668
192 1.6989023363967668
193 1.6989023363967668
194 1.6989023363967668
195 1.6989023363967668
196 1.6989023363967668
197 1.6989023363967668
198 1.6989023363967668
199 1.6989023363967668
200 1.6989023363967668
201 1.6989023363967668
202 1.6989023363967668
203 1.6989023363967668
204 1.6989023363967668
205 1.6989023363967668
206 1.6989023363967668
207 1.6989023363967668
208 1.6989023363967668
209 1.6989023363967668
210 1.6989023363967668
211 1.6989023363967668
212 1.6989023363967668
213 1.6989023363967668
214 1.6989023363967668
215 1.6989023363967668
216 1.6989023363967668
217 1.6989023363967668
218 1.6989023363967668
219 1.6989023363967668
220 1.6989023363967668
221 1.6989023363967668
222 1.6989023363967668
223 1.6989023363967668
224 1.6989023363967668
225 1.6989023363967668
226 1.6989023363967668
227 1.6989023363967668
228 1.6989023363967668
229 1.6989023363967668
230 1.6989023363967668
231 1.6989023363967668
232 1.6989023363967668
233 1.6989023363967668
234 1.6989023363967668
235 1.6989023363967668
236 1.6989023363967668
237 1.6989023363967668
238 1.6989023363967668
239 1.6989023363967668
240 1.6989023363967668
241 1.6989023363967668
242 1.6989023363967668
243 1.6989023363967668
244 1.6989023363967668
245 1.6989023363967668
246 1.6989023363967668
247 1.6989023363967668
248 1.6989023363967668
249 1.6989023363967668
250 1.6989023363967668
251 1.6989023363967668
252 1.6989023363967668
253 1.6989023363967668
254 1.6989023363967668
255 1.6989023363967668
256 1.6989023363967668
257 1.6989023363967668
258 1.6989023363967668
259 1.6989023363967668
260 1.6989023363967668
261 1.6989023363967668
262 1.6989023363967668
263 1.6989023363967668
264 1.6989023363967668
265 1.6989023363967668
266 1.6989023363967668
267 1.6989023363967668
268 1.6989023363967668
269 1.6989023363967668
270 1.6989023363967668
271 1.6989023363967668
272 1.6989023363967668
273 1.6989023363967668
274 1.6989023363967668
275 1.6989023363967668
276 1.6989023363967668
277 1.6989023363967668
278 1.6989023363967668
279 1.6989023363967668
280 1.6989023363967668
281 1.6989023363967668
282 1.6989023363967668
283 1.6989023363967668
284 1.6989023363967668
285 1.6989023363967668
286 1.6989023363967668
287 1.6989023363967668
288 1.6989023363967668
289 1.6989023363967668
290 1.6989023363967668
291 1.6989023363967668
292 1.6989023363967668
293 1.6989023363967668
294 1.6989023363967668
295 1.6989023363967668
296 1.6989023363967668
297 1.6989023363967668
298 1.6989023363967668
299 1.6989023363967668
300 1.6989023363967668
301 1.6989023363967668
302 1.6989023363967668
303 1.6989023363967668
304 1.6989023363967668
305 1.6989023363967668
306 1.6989023363967668
307 1.6989023363967668
308 1.6989023363967668
309 1.6989023363967668
310 1.6989023363967668
311 1.6989023363967668
312 1.6989023363967668
313 1.6989023363967668
314 1.6989023363967668
315 1.6989023363967668
316 1.6989023363967668
317 1.6989023363967668
318 1.6989023363967668
319 1.6989023363967668
320 1.6989023363967668
321 1.6989023363967668
322 1.6989023363967668
323 1.6989023363967668
324 1.6989023363967668
325 1.6989023363967668
326 1.6989023363967668
327 1.6989023363967668
328 1.6989023363967668
329 1.6989023363967668
330 1.6989023363967668
331 1.6989023363967668
332 1.6989023363967668
333 1.6989023363967668
334 1.6989023363967668
335 1.6989023363967668
336 1.6989023363967668
337 1.6989023363967668
338 1.6989023363967668
339 1.6989023363967668
340 1.6989023363967668
341 1.6989023363967668
342 1.6989023363967668
343 1.6989023363967668
344 1.6989023363967668
345 1.6989023363967668
346 1.6989023363967668
347 1.6989023363967668
348 1.6989023363967668
349 1.6989023363967668
350 1.6989023363967668
351 1.6989023363967668
352 1.6989023363967668
353 1.6989023363967668
354 1.6989023363967668
355 1.6989023363967668
356 1.6989023363967668
357 1.6989023363967668
358 1.6989023363967668
359 1.6989023363967668
360 1.6989023363967668
361 1.6989023363967668
362 1.6989023363967668
363 1.6989023363967668
364 1.6989023363967668
365 1.6989023363967668
366 1.6989023363967668
367 1.6989023363967668
368 1.6989023363967668
369 1.6989023363967668
370 1.6989023363967668
371 1.6989023363967668
372 1.6989023363967668
373 1.6989023363967668
374 1.6989023363967668
375 1.6989023363967668
376 1.6989023363967668
377 1.6989023363967668
378 1.6989023363967668
379 1.6989023363967668
380 1.6989023363967668
381 1.6989023363967668
382 1.6989023363967668
383 1.6989023363967668
384 1.6989023363967668
385 1.6989023363967668
386 1.6989023363967668
387 1.6989023363967668
388 1.6989023363967668
389 1.6989023363967668
390 1.6989023363967668
391 1.6989023363967668
392 1.6989023363967668
393 1.6989023363967668
394 1.6989023363967668
395 1.6989023363967668
396 1.6989023363967668
397 1.6989023363967668
398 1.6989023363967668
399 1.6989023363967668
400 1.6989023363967668
401 1.6989023363967668
402 1.6989023363967668
403 1.6989023363967668
404 1.6989023363967668
405 1.6989023363967668
406 1.6989023363967668
407 1.6989023363967668
408 1.6989023363967668
409 1.6989023363967668
410 1.6989023363967668
411 1.6989023363967668
412 1.6989023363967668
413 1.6989023363967668
414 1.6989023363967668
415 1.6989023363967668
416 1.6989023363967668
417 1.6989023363967668
418 1.6989023363967668
419 1.6989023363967668
420 1.6989023363967668
421 1.6989023363967668
422 1.6989023363967668
423 1.6989023363967668
424 1.6989023363967668
425 1.6989023363967668
426 1.6989023363967668
427 1.6989023363967668
428 1.6989023363967668
429 1.6989023363967668
430 1.6989023363967668
431 1.6989023363967668
432 1.6989023363967668
433 1.6989023363967668
434 1.6989023363967668
435 1.6989023363967668
436 1.6989023363967668
437 1.6989023363967668
438 1.6989023363967668
439 1.6989023363967668
440 1.6989023363967668
441 1.6989023363967668
442 1.6989023363967668
443 1.6989023363967668
444 1.6989023363967668
445 1.6989023363967668
446 1.6989023363967668
447 1.6989023363967668
448 1.6989023363967668
449 1.6989023363967668
450 1.6989023363967668
451 1.6989023363967668
452 1.6989023363967668
453 1.6989023363967668
454 1.6989023363967668
455 1.6989023363967668
456 1.6989023363967668
457 1.6989023363967668
458 1.6989023363967668
459 1.6989023363967668
460 1.6989023363967668
461 1.6989023363967668
462 1.6989023363967668
463 1.6989023363967668
464 1.6989023363967668
465 1.6989023363967668
466 1.6989023363967668
467 1.6989023363967668
468 1.6989023363967668
469 1.6989023363967668
470 1.6989023363967668
471 1.6989023363967668
472 1.6989023363967668
473 1.6989023363967668
474 1.6989023363967668
475 1.6989023363967668
476 1.6989023363967668
477 1.6989023363967668
478 1.6989023363967668
479 1.6989023363967668
480 1.6989023363967668
481 1.6989023363967668
482 1.6989023363967668
483 1.6989023363967668
484 1.6989023363967668
485 1.6989023363967668
486 1.6989023363967668
487 1.6989023363967668
488 1.6989023363967668
489 1.6989023363967668
490 1.6989023363967668
491 1.6989023363967668
492 1.6989023363967668
493 1.6989023363967668
494 1.6989023363967668
495 1.6989023363967668
496 1.6989023363967668
497 1.6989023363967668
498 1.6989023363967668
499 1.6989023363967668
500 1.6989023363967668
501 1.6989023363967668
502 1.6989023363967668
503 1.6989023363967668
504 1.6989023363967668
505 1.6989023363967668
506 1.6989023363967668
507 1.6989023363967668
508 1.6989023363967668
509 1.6989023363967668
510 1.6989023363967668
511 1.6989023363967668
512 1.6989023363967668
513 1.6989023363967668
514 1.6989023363967668
515 1.6989023363967668
516 1.6989023363967668
517 1.6989023363967668
518 1.6989023363967668
519 1.6989023363967668
520 1.6989023363967668
521 1.6989023363967668
522 1.6989023363967668
523 1.6989023363967668
524 1.6989023363967668
525 1.6989023363967668
526 1.6989023363967668
527 1.6989023363967668
528 1.6989023363967668
529 1.6989023363967668
530 1.6989023363967668
531 1.6989023363967668
532 1.6989023363967668
533 1.6989023363967668
534 1.6989023363967668
535 1.6989023363967668
536 1.6989023363967668
537 1.6989023363967668
538 1.6989023363967668
539 1.6989023363967668
540 1.6989023363967668
541 1.6989023363967668
542 1.6989023363967668
543 1.6989023363967668
544 1.6989023363967668
545 1.6989023363967668
546 1.6989023363967668
547 1.6989023363967668
548 1.6989023363967668
549 1.6989023363967668
550 1.6989023363967668
551 1.6989023363967668
552 1.6989023363967668
553 1.6989023363967668
554 1.6989023363967668
555 1.6989023363967668
556 1.6989023363967668
557 1.6989023363967668
558 1.6989023363967668
559 1.6989023363967668
560 1.6989023363967668
561 1.6989023363967668
562 1.6989023363967668
563 1.6989023363967668
564 1.6989023363967668
565 1.6989023363967668
566 1.6989023363967668
567 1.6989023363967668
568 1.6989023363967668
569 1.6989023363967668
570 1.6989023363967668
571 1.6989023363967668
572 1.6989023363967668
573 1.6989023363967668
574 1.6989023363967668
575 1.6989023363967668
576 1.6989023363967668
577 1.6989023363967668
578 1.6989023363967668
579 1.6989023363967668
580 1.6989023363967668
581 1.6989023363967668
582 1.6989023363967668
583 1.6989023363967668
584 1.6989023363967668
585 1.6989023363967668
586 1.6989023363967668
587 1.6989023363967668
588 1.6989023363967668
589 1.6989023363967668
590 1.6989023363967668
591 1.6989023363967668
592 1.6989023363967668
593 1.6989023363967668
594 1.6989023363967668
595 1.6989023363967668
596 1.6989023363967668
597 1.6989023363967668
598 1.6989023363967668
599 1.6989023363967668
600 1.6989023363967668
601 1.6989023363967668
602 1.6989023363967668
603 1.6989023363967668
604 1.6989023363967668
605 1.6989023363967668
606 1.6989023363967668
607 1.6989023363967668
608 1.6989023363967668
609 1.6989023363967668
610 1.6989023363967668
611 1.6989023363967668
612 1.6989023363967668
613 1.6989023363967668
614 1.6989023363967668
615 1.6989023363967668
616 1.6989023363967668
617 1.6989023363967668
618 1.6989023363967668
619 1.6989023363967668
620 1.6989023363967668
621 1.6989023363967668
622 1.6989023363967668
623 1.6989023363967668
624 1.6989023363967668
625 1.6989023363967668
626 1.6989023363967668
627 1.6989023363967668
628 1.6989023363967668
629 1.6989023363967668
630 1.6989023363967668
631 1.6989023363967668
632 1.6989023363967668
633 1.6989023363967668
634 1.6989023363967668
635 1.6989023363967668
636 1.6989023363967668
637 1.6989023363967668
638 1.6989023363967668
639 1.6989023363967668
640 1.6989023363967668
641 1.6989023363967668
642 1.6989023363967668
643 1.6989023363967668
644 1.6989023363967668
645 1.6989023363967668
646 1.6989023363967668
647 1.6989023363967668
648 1.6989023363967668
649 1.6989023363967668
650 1.6989023363967668
651 1.6989023363967668
652 1.6989023363967668
653 1.6989023363967668
654 1.6989023363967668
655 1.6989023363967668
656 1.6989023363967668
657 1.6989023363967668
658 1.6989023363967668
659 1.6989023363967668
660 1.6989023363967668
661 1.6989023363967668
662 1.6989023363967668
663 1.6989023363967668
664 1.6989023363967668
665 1.6989023363967668
666 1.6989023363967668
667 1.6989023363967668
668 1.6989023363967668
669 1.6989023363967668
670 1.6989023363967668
671 1.6989023363967668
672 1.6989023363967668
673 1.6989023363967668
674 1.6989023363967668
675 1.6989023363967668
676 1.6989023363967668
677 1.6989023363967668
678 1.6989023363967668
679 1.6989023363967668
680 1.6989023363967668
681 1.6989023363967668
682 1.6989023363967668
683 1.6989023363967668
684 1.6989023363967668
685 1.6989023363967668
686 1.6989023363967668
687 1.6989023363967668
688 1.6989023363967668
689 1.6989023363967668
690 1.6989023363967668
691 1.6989023363967668
692 1.6989023363967668
693 1.6989023363967668
694 1.6989023363967668
695 1.6989023363967668
696 1.6989023363967668
697 1.6989023363967668
698 1.6989023363967668
699 1.6989023363967668
700 1.6989023363967668
701 1.6989023363967668
702 1.6989023363967668
703 1.6989023363967668
704 1.6989023363967668
705 1.6989023363967668
706 1.6989023363967668
707 1.6989023363967668
708 1.6989023363967668
709 1.6989023363967668
710 1.6989023363967668
711 1.6989023363967668
712 1.6989023363967668
713 1.6989023363967668
714 1.6989023363967668
715 1.6989023363967668
716 1.6989023363967668
717 1.6989023363967668
718 1.6989023363967668
719 1.6989023363967668
720 1.6989023363967668
721 1.6989023363967668
722 1.6989023363967668
723 1.6989023363967668
724 1.6989023363967668
725 1.6989023363967668
726 1.6989023363967668
727 1.6989023363967668
728 1.6989023363967668
729 1.6989023363967668
730 1.6989023363967668
731 1.6989023363967668
732 1.6989023363967668
733 1.6989023363967668
734 1.6989023363967668
735 1.6989023363967668
736 1.6989023363967668
737 1.6989023363967668
738 1.6989023363967668
739 1.6989023363967668
740 1.6989023363967668
741 1.6989023363967668
742 1.6989023363967668
743 1.6989023363967668
744 1.6989023363967668
745 1.6989023363967668
746 1.6989023363967668
747 1.6989023363967668
748 1.6989023363967668
749 1.6989023363967668
750 1.6989023363967668
751 1.6989023363967668
752 1.6989023363967668
753 1.6989023363967668
754 1.6989023363967668
755 1.6989023363967668
756 1.6989023363967668
757 1.6989023363967668
758 1.6989023363967668
759 1.6989023363967668
760 1.6989023363967668
761 1.6989023363967668
762 1.6989023363967668
763 1.6989023363967668
764 1.6989023363967668
765 1.6989023363967668
766 1.6989023363967668
767 1.6989023363967668
768 1.6989023363967668
769 1.6989023363967668
770 1.6989023363967668
771 1.6989023363967668
772 1.6989023363967668
773 1.6989023363967668
774 1.6989023363967668
775 1.6989023363967668
776 1.6989023363967668
777 1.6989023363967668
778 1.6989023363967668
779 1.6989023363967668
780 1.6989023363967668
781 1.6989023363967668
782 1.6989023363967668
783 1.6989023363967668
784 1.6989023363967668
785 1.6989023363967668
786 1.6989023363967668
787 1.6989023363967668
788 1.6989023363967668
789 1.6989023363967668
790 1.6989023363967668
791 1.6989023363967668
792 1.6989023363967668
793 1.6989023363967668
794 1.6989023363967668
795 1.6989023363967668
796 1.6989023363967668
797 1.6989023363967668
798 1.6989023363967668
799 1.6989023363967668
800 1.6989023363967668
801 1.6989023363967668
802 1.6989023363967668
803 1.6989023363967668
804 1.6989023363967668
805 1.6989023363967668
806 1.6989023363967668
807 1.6989023363967668
808 1.6989023363967668
809 1.6989023363967668
810 1.6989023363967668
811 1.6989023363967668
812 1.6989023363967668
813 1.6989023363967668
814 1.6989023363967668
815 1.6989023363967668
816 1.6989023363967668
817 1.6989023363967668
818 1.6989023363967668
819 1.6989023363967668
820 1.6989023363967668
821 1.6989023363967668
822 1.6989023363967668
823 1.6989023363967668
824 1.6989023363967668
825 1.6989023363967668
826 1.6989023363967668
827 1.6989023363967668
828 1.6989023363967668
829 1.6989023363967668
830 1.6989023363967668
831 1.6989023363967668
832 1.6989023363967668
833 1.6989023363967668
834 1.6989023363967668
835 1.6989023363967668
836 1.6989023363967668
837 1.6989023363967668
838 1.6989023363967668
839 1.6989023363967668
840 1.6989023363967668
841 1.6989023363967668
842 1.6989023363967668
843 1.6989023363967668
844 1.6989023363967668
845 1.6989023363967668
846 1.6989023363967668
847 1.6989023363967668
848 1.6989023363967668
849 1.6989023363967668
850 1.6989023363967668
851 1.6989023363967668
852 1.6989023363967668
853 1.6989023363967668
854 1.6989023363967668
855 1.6989023363967668
856 1.6989023363967668
857 1.6989023363967668
858 1.6989023363967668
859 1.6989023363967668
860 1.6989023363967668
861 1.6989023363967668
862 1.6989023363967668
863 1.6989023363967668
864 1.6989023363967668
865 1.6989023363967668
866 1.6989023363967668
867 1.6989023363967668
868 1.6989023363967668
869 1.6989023363967668
870 1.6989023363967668
871 1.6989023363967668
872 1.6989023363967668
873 1.6989023363967668
874 1.6989023363967668
875 1.6989023363967668
876 1.6989023363967668
877 1.6989023363967668
878 1.6989023363967668
879 1.6989023363967668
880 1.6989023363967668
881 1.6989023363967668
882 1.6989023363967668
883 1.6989023363967668
884 1.6989023363967668
885 1.6989023363967668
886 1.6989023363967668
887 1.6989023363967668
888 1.6989023363967668
889 1.6989023363967668
890 1.6989023363967668
891 1.6989023363967668
892 1.6989023363967668
893 1.6989023363967668
894 1.6989023363967668
895 1.6989023363967668
896 1.6989023363967668
897 1.6989023363967668
898 1.6989023363967668
899 1.6989023363967668
900 1.6989023363967668
901 1.6989023363967668
902 1.6989023363967668
903 1.6989023363967668
904 1.6989023363967668
905 1.6989023363967668
906 1.6989023363967668
907 1.6989023363967668
908 1.6989023363967668
909 1.6989023363967668
910 1.6989023363967668
911 1.6989023363967668
912 1.6989023363967668
913 1.6989023363967668
914 1.6989023363967668
915 1.6989023363967668
916 1.6989023363967668
917 1.6989023363967668
918 1.6989023363967668
919 1.6989023363967668
920 1.6989023363967668
921 1.6989023363967668
922 1.6989023363967668
923 1.6989023363967668
924 1.6989023363967668
925 1.6989023363967668
926 1.6989023363967668
927 1.6989023363967668
928 1.6989023363967668
929 1.6989023363967668
930 1.6989023363967668
931 1.6989023363967668
932 1.6989023363967668
933 1.6989023363967668
934 1.6989023363967668
935 1.6989023363967668
936 1.6989023363967668
937 1.6989023363967668
938 1.6989023363967668
939 1.6989023363967668
940 1.6989023363967668
941 1.6989023363967668
942 1.6989023363967668
943 1.6989023363967668
944 1.6989023363967668
945 1.6989023363967668
946 1.6989023363967668
947 1.6989023363967668
948 1.6989023363967668
949 1.6989023363967668
950 1.6989023363967668
951 1.6989023363967668
952 1.6989023363967668
953 1.6989023363967668
954 1.6989023363967668
955 1.6989023363967668
956 1.6989023363967668
957 1.6989023363967668
958 1.6989023363967668
959 1.6989023363967668
960 1.6989023363967668
961 1.6989023363967668
962 1.6989023363967668
963 1.6989023363967668
964 1.6989023363967668
965 1.6989023363967668
966 1.6989023363967668
967 1.6989023363967668
968 1.6989023363967668
969 1.6989023363967668
970 1.6989023363967668
971 1.6989023363967668
972 1.6989023363967668
973 1.6989023363967668
974 1.6989023363967668
975 1.6989023363967668
976 1.6989023363967668
977 1.6989023363967668
978 1.6989023363967668
979 1.6989023363967668
980 1.6989023363967668
981 1.6989023363967668
982 1.6989023363967668
983 1.6989023363967668
984 1.6989023363967668
985 1.6989023363967668
986 1.6989023363967668
987 1.6989023363967668
988 1.6989023363967668
989 1.6989023363967668
990 1.6989023363967668
991 1.6989023363967668
992 1.6989023363967668
993 1.6989023363967668
994 1.6989023363967668
995 1.6989023363967668
996 1.6989023363967668
997 1.6989023363967668
998 1.6989023363967668
999 1.6989023363967668
1000 1.6989023363967668
1001 1.6989023363967668
1002 1.6989023363967668
1003 1.6989023363967668
1004 1.6989023363967668
1005 1.6989023363967668
1006 1.6989023363967668
1007 1.6989023363967668
1008 1.6989023363967668
1009 1.6989023363967668
1010 1.6989023363967668
1011 1.6989023363967668
1012 1.6989023363967668
1013 1.6989023363967668
1014 1.6989023363967668
1015 1.6989023363967668
1016 1.6989023363967668
1017 1.6989023363967668
1018 1.6989023363967668
1019 1.6989023363967668
1020 1.6989023363967668
1021 1.6989023363967668
1022 1.6989023363967668
1023 1.6989023363967668
1024 1.6989023363967668
1025 1.6989023363967668
1026 1.6989023363967668
1027 1.6989023363967668
1028 1.6989023363967668
1029 1.6989023363967668
1030 1.6989023363967668
1031 1.6989023363967668
1032 1.6989023363967668
1033 1.6989023363967668
1034 1.6989023363967668
1035 1.6989023363967668
1036 1.6989023363967668
1037 1.6989023363967668
1038 1.6989023363967668
1039 1.6989023363967668
1040 1.6989023363967668
1041 1.6989023363967668
1042 1.6989023363967668
1043 1.6989023363967668
1044 1.6989023363967668
1045 1.6989023363967668
1046 1.6989023363967668
1047 1.6989023363967668
1048 1.6989023363967668
1049 1.6989023363967668
1050 1.6989023363967668
1051 1.6989023363967668
1052 1.6989023363967668
1053 1.6989023363967668
1054 1.6989023363967668
1055 1.6989023363967668
1056 1.6989023363967668
1057 1.6989023363967668
1058 1.6989023363967668
1059 1.6989023363967668
1060 1.6989023363967668
1061 1.6989023363967668
1062 1.6989023363967668
1063 1.6989023363967668
1064 1.6989023363967668
1065 1.6989023363967668
1066 1.6989023363967668
1067 1.6989023363967668
1068 1.6989023363967668
1069 1.6989023363967668
1070 1.6989023363967668
1071 1.6989023363967668
1072 1.6989023363967668
1073 1.6989023363967668
1074 1.6989023363967668
1075 1.6989023363967668
1076 1.6989023363967668
1077 1.6989023363967668
1078 1.6989023363967668
1079 1.6989023363967668
1080 1.6989023363967668
1081 1.6989023363967668
1082 1.6989023363967668
1083 1.6989023363967668
1084 1.6989023363967668
1085 1.6989023363967668
1086 1.6989023363967668
1087 1.6989023363967668
1088 1.6989023363967668
1089 1.6989023363967668
1090 1.6989023363967668
1091 1.6989023363967668
1092 1.6989023363967668
1093 1.6989023363967668
1094 1.6989023363967668
1095 1.6989023363967668
1096 1.6989023363967668
1097 1.6989023363967668
1098 1.6989023363967668
1099 1.6989023363967668
1100 1.6989023363967668
1101 1.6989023363967668
1102 1.6989023363967668
1103 1.6989023363967668
1104 1.6989023363967668
1105 1.6989023363967668
1106 1.6989023363967668
1107 1.6989023363967668
1108 1.6989023363967668
1109 1.6989023363967668
1110 1.6989023363967668
1111 1.6989023363967668
1112 1.6989023363967668
1113 1.6989023363967668
1114 1.6989023363967668
1115 1.6989023363967668
1116 1.6989023363967668
1117 1.6989023363967668
1118 1.6989023363967668
1119 1.6989023363967668
1120 1.6989023363967668
1121 1.6989023363967668
1122 1.6989023363967668
1123 1.6989023363967668
1124 1.6989023363967668
1125 1.6989023363967668
1126 1.6989023363967668
1127 1.6989023363967668
1128 1.6989023363967668
1129 1.6989023363967668
1130 1.6989023363967668
1131 1.6989023363967668
1132 1.6989023363967668
1133 1.6989023363967668
1134 1.6989023363967668
1135 1.6989023363967668
1136 1.6989023363967668
1137 1.6989023363967668
1138 1.6989023363967668
1139 1.6989023363967668
1140 1.6989023363967668
1141 1.6989023363967668
1142 1.6989023363967668
1143 1.6989023363967668
1144 1.6989023363967668
1145 1.6989023363967668
1146 1.6989023363967668
1147 1.6989023363967668
1148 1.6989023363967668
1149 1.6989023363967668
1150 1.6989023363967668
1151 1.6989023363967668
1152 1.6989023363967668
1153 1.6989023363967668
1154 1.6989023363967668
1155 1.6989023363967668
1156 1.6989023363967668
1157 1.6989023363967668
1158 1.6989023363967668
1159 1.6989023363967668
1160 1.6989023363967668
1161 1.6989023363967668
1162 1.6989023363967668
1163 1.6989023363967668
1164 1.6989023363967668
1165 1.6989023363967668
1166 1.6989023363967668
1167 1.6989023363967668
1168 1.6989023363967668
1169 1.6989023363967668
1170 1.6989023363967668
1171 1.6989023363967668
1172 1.6989023363967668
1173 1.6989023363967668
1174 1.6989023363967668
1175 1.6989023363967668
1176 1.6989023363967668
1177 1.6989023363967668
1178 1.6989023363967668
1179 1.6989023363967668
1180 1.6989023363967668
1181 1.6989023363967668
1182 1.6989023363967668
1183 1.6989023363967668
1184 1.6989023363967668
1185 1.6989023363967668
1186 1.6989023363967668
1187 1.6989023363967668
1188 1.6989023363967668
1189 1.6989023363967668
1190 1.6989023363967668
1191 1.6989023363967668
1192 1.6989023363967668
1193 1.6989023363967668
1194 1.6989023363967668
1195 1.6989023363967668
1196 1.6989023363967668
1197 1.6989023363967668
1198 1.6989023363967668
1199 1.6989023363967668
1200 1.6989023363967668
1201 1.6989023363967668
1202 1.6989023363967668
1203 1.6989023363967668
1204 1.6989023363967668
1205 1.6989023363967668
1206 1.6989023363967668
1207 1.6989023363967668
1208 1.6989023363967668
1209 1.6989023363967668
1210 1.6989023363967668
1211 1.6989023363967668
1212 1.6989023363967668
1213 1.6989023363967668
1214 1.6989023363967668
1215 1.6989023363967668
1216 1.6989023363967668
1217 1.6989023363967668
1218 1.6989023363967668
1219 1.6989023363967668
1220 1.6989023363967668
1221 1.6989023363967668
1222 1.6989023363967668
1223 1.6989023363967668
1224 1.6989023363967668
1225 1.6989023363967668
1226 1.6989023363967668
1227 1.6989023363967668
1228 1.6989023363967668
1229 1.6989023363967668
1230 1.6989023363967668
1231 1.6989023363967668
1232 1.6989023363967668
1233 1.6989023363967668
1234 1.6989023363967668
1235 1.6989023363967668
1236 1.6989023363967668
1237 1.6989023363967668
1238 1.6989023363967668
1239 1.6989023363967668
1240 1.6989023363967668
1241 1.6989023363967668
1242 1.6989023363967668
1243 1.6989023363967668
1244 1.6989023363967668
1245 1.6989023363967668
1246 1.6989023363967668
1247 1.6989023363967668
1248 1.6989023363967668
1249 1.6989023363967668
1250 1.6989023363967668
1251 1.6989023363967668
1252 1.6989023363967668
1253 1.6989023363967668
1254 1.6989023363967668
1255 1.6989023363967668
1256 1.6989023363967668
1257 1.6989023363967668
1258 1.6989023363967668
1259 1.6989023363967668
1260 1.6989023363967668
1261 1.6989023363967668
1262 1.6989023363967668
1263 1.6989023363967668
1264 1.6989023363967668
1265 1.6989023363967668
1266 1.6989023363967668
1267 1.6989023363967668
1268 1.6989023363967668
1269 1.6989023363967668
1270 1.6989023363967668
1271 1.6989023363967668
1272 1.6989023363967668
1273 1.6989023363967668
1274 1.6989023363967668
1275 1.6989023363967668
1276 1.6989023363967668
1277 1.6989023363967668
1278 1.6989023363967668
1279 1.6989023363967668
1280 1.6989023363967668
1281 1.6989023363967668
1282 1.6989023363967668
1283 1.6989023363967668
1284 1.6989023363967668
1285 1.6989023363967668
1286 1.6989023363967668
1287 1.6989023363967668
1288 1.6989023363967668
1289 1.6989023363967668
1290 1.6989023363967668
1291 1.6989023363967668
1292 1.6989023363967668
1293 1.6989023363967668
1294 1.6989023363967668
1295 1.6989023363967668
1296 1.6989023363967668
1297 1.6989023363967668
1298 1.6989023363967668
1299 1.6989023363967668
1300 1.6989023363967668
1301 1.6989023363967668
1302 1.6989023363967668
1303 1.6989023363967668
1304 1.6989023363967668
1305 1.6989023363967668
1306 1.6989023363967668
1307 1.6989023363967668
1308 1.6989023363967668
1309 1.6989023363967668
1310 1.6989023363967668
1311 1.6989023363967668
1312 1.6989023363967668
1313 1.6989023363967668
1314 1.6989023363967668
1315 1.6989023363967668
1316 1.6989023363967668
1317 1.6989023363967668
1318 1.6989023363967668
1319 1.6989023363967668
1320 1.6989023363967668
1321 1.6989023363967668
1322 1.6989023363967668
1323 1.6989023363967668
1324 1.6989023363967668
1325 1.6989023363967668
1326 1.6989023363967668
1327 1.6989023363967668
1328 1.6989023363967668
1329 1.6989023363967668
1330 1.6989023363967668
1331 1.6989023363967668
1332 1.6989023363967668
1333 1.6989023363967668
1334 1.6989023363967668
1335 1.6989023363967668
1336 1.6989023363967668
1337 1.6989023363967668
1338 1.6989023363967668
1339 1.6989023363967668
1340 1.6989023363967668
1341 1.6989023363967668
1342 1.6989023363967668
1343 1.6989023363967668
1344 1.6989023363967668
1345 1.6989023363967668
1346 1.6989023363967668
1347 1.6989023363967668
1348 1.6989023363967668
1349 1.6989023363967668
1350 1.6989023363967668
1351 1.6989023363967668
1352 1.6989023363967668
1353 1.6989023363967668
1354 1.6989023363967668
1355 1.6989023363967668
1356 1.6989023363967668
1357 1.6989023363967668
1358 1.6989023363967668
1359 1.6989023363967668
1360 1.6989023363967668
1361 1.6989023363967668
1362 1.6989023363967668
1363 1.6989023363967668
1364 1.6989023363967668
1365 1.6989023363967668
1366 1.6989023363967668
1367 1.6989023363967668
1368 1.6989023363967668
1369 1.6989023363967668
1370 1.6989023363967668
1371 1.6989023363967668
1372 1.6989023363967668
1373 1.6989023363967668
1374 1.6989023363967668
1375 1.6989023363967668
1376 1.6989023363967668
1377 1.6989023363967668
1378 1.6989023363967668
1379 1.6989023363967668
1380 1.6989023363967668
1381 1.6989023363967668
1382 1.6989023363967668
1383 1.6989023363967668
1384 1.6989023363967668
1385 1.6989023363967668
1386 1.6989023363967668
1387 1.6989023363967668
1388 1.6989023363967668
1389 1.6989023363967668
1390 1.6989023363967668
1391 1.6989023363967668
1392 1.6989023363967668
1393 1.6989023363967668
1394 1.6989023363967668
1395 1.6989023363967668
1396 1.6989023363967668
1397 1.6989023363967668
1398 1.6989023363967668
1399 1.6989023363967668
1400 1.6989023363967668
1401 1.6989023363967668
1402 1.6989023363967668
1403 1.6989023363967668
1404 1.6989023363967668
1405 1.6989023363967668
1406 1.6989023363967668
1407 1.6989023363967668
1408 1.6989023363967668
1409 1.6989023363967668
1410 1.6989023363967668
1411 1.6989023363967668
1412 1.6989023363967668
1413 1.6989023363967668
1414 1.6989023363967668
1415 1.6989023363967668
1416 1.6989023363967668
1417 1.6989023363967668
1418 1.6989023363967668
1419 1.6989023363967668
1420 1.6989023363967668
1421 1.6989023363967668
1422 1.6989023363967668
1423 1.6989023363967668
1424 1.6989023363967668
1425 1.6989023363967668
1426 1.6989023363967668
1427 1.6989023363967668
1428 1.6989023363967668
1429 1.6989023363967668
1430 1.6989023363967668
1431 1.6989023363967668
1432 1.6989023363967668
1433 1.6989023363967668
1434 1.6989023363967668
1435 1.6989023363967668
1436 1.6989023363967668
1437 1.6989023363967668
1438 1.6989023363967668
1439 1.6989023363967668
1440 1.6989023363967668
1441 1.6989023363967668
1442 1.6989023363967668
1443 1.6989023363967668
1444 1.6989023363967668
1445 1.6989023363967668
1446 1.6989023363967668
1447 1.6989023363967668
1448 1.6989023363967668
1449 1.6989023363967668
1450 1.6989023363967668
1451 1.6989023363967668
1452 1.6989023363967668
1453 1.6989023363967668
1454 1.6989023363967668
1455 1.6989023363967668
1456 1.6989023363967668
1457 1.6989023363967668
1458 1.6989023363967668
1459 1.6989023363967668
1460 1.6989023363967668
1461 1.6989023363967668
1462 1.6989023363967668
1463 1.6989023363967668
1464 1.6989023363967668
1465 1.6989023363967668
1466 1.6989023363967668
1467 1.6989023363967668
1468 1.6989023363967668
1469 1.6989023363967668
1470 1.6989023363967668
1471 1.6989023363967668
1472 1.6989023363967668
1473 1.6989023363967668
1474 1.6989023363967668
1475 1.6989023363967668
1476 1.6989023363967668
1477 1.6989023363967668
1478 1.6989023363967668
1479 1.6989023363967668
1480 1.6989023363967668
1481 1.6989023363967668
1482 1.6989023363967668
1483 1.6989023363967668
1484 1.6989023363967668
1485 1.6989023363967668
1486 1.6989023363967668
1487 1.6989023363967668
1488 1.6989023363967668
1489 1.6989023363967668
1490 1.6989023363967668
1491 1.6989023363967668
1492 1.6989023363967668
1493 1.6989023363967668
1494 1.6989023363967668
1495 1.6989023363967668
1496 1.6989023363967668
1497 1.6989023363967668
1498 1.6989023363967668
1499 1.6989023363967668
1500 1.6989023363967668
1501 1.6989023363967668
1502 1.6989023363967668
1503 1.6989023363967668
1504 1.6989023363967668
1505 1.6989023363967668
1506 1.6989023363967668
1507 1.6989023363967668
1508 1.6989023363967668
1509 1.6989023363967668
1510 1.6989023363967668
1511 1.6989023363967668
1512 1.6989023363967668
1513 1.6989023363967668
1514 1.6989023363967668
1515 1.6989023363967668
1516 1.6989023363967668
1517 1.6989023363967668
1518 1.6989023363967668
1519 1.6989023363967668
1520 1.6989023363967668
1521 1.6989023363967668
1522 1.6989023363967668
1523 1.6989023363967668
1524 1.6989023363967668
1525 1.6989023363967668
1526 1.6989023363967668
1527 1.6989023363967668
1528 1.6989023363967668
1529 1.6989023363967668
1530 1.6989023363967668
1531 1.6989023363967668
1532 1.6989023363967668
1533 1.6989023363967668
1534 1.6989023363967668
1535 1.6989023363967668
1536 1.6989023363967668
1537 1.6989023363967668
1538 1.6989023363967668
1539 1.6989023363967668
1540 1.6989023363967668
1541 1.6989023363967668
1542 1.6989023363967668
1543 1.6989023363967668
1544 1.6989023363967668
1545 1.6989023363967668
1546 1.6989023363967668
1547 1.6989023363967668
1548 1.6989023363967668
1549 1.6989023363967668
1550 1.6989023363967668
1551 1.6989023363967668
1552 1.6989023363967668
1553 1.6989023363967668
1554 1.6989023363967668
1555 1.6989023363967668
1556 1.6989023363967668
1557 1.6989023363967668
1558 1.6989023363967668
1559 1.6989023363967668
1560 1.6989023363967668
1561 1.6989023363967668
1562 1.6989023363967668
1563 1.6989023363967668
1564 1.6989023363967668
1565 1.6989023363967668
1566 1.6989023363967668
1567 1.6989023363967668
1568 1.6989023363967668
1569 1.6989023363967668
1570 1.6989023363967668
1571 1.6989023363967668
1572 1.6989023363967668
1573 1.6989023363967668
1574 1.6989023363967668
1575 1.6989023363967668
1576 1.6989023363967668
1577 1.6989023363967668
1578 1.6989023363967668
1579 1.6989023363967668
1580 1.6989023363967668
1581 1.6989023363967668
1582 1.6989023363967668
1583 1.6989023363967668
1584 1.6989023363967668
1585 1.6989023363967668
1586 1.6989023363967668
1587 1.6989023363967668
1588 1.6989023363967668
1589 1.6989023363967668
1590 1.6989023363967668
1591 1.6989023363967668
1592 1.6989023363967668
1593 1.6989023363967668
1594 1.6989023363967668
1595 1.6989023363967668
1596 1.6989023363967668
1597 1.6989023363967668
1598 1.6989023363967668
1599 1.6989023363967668
1600 1.6989023363967668
1601 1.6989023363967668
1602 1.6989023363967668
1603 1.6989023363967668
1604 1.6989023363967668
1605 1.6989023363967668
1606 1.6989023363967668
1607 1.6989023363967668
1608 1.6989023363967668
1609 1.6989023363967668
1610 1.6989023363967668
1611 1.6989023363967668
1612 1.6989023363967668
1613 1.6989023363967668
1614 1.6989023363967668
1615 1.6989023363967668
1616 1.6989023363967668
1617 1.6989023363967668
1618 1.6989023363967668
1619 1.6989023363967668
1620 1.6989023363967668
1621 1.6989023363967668
1622 1.6989023363967668
1623 1.6989023363967668
1624 1.6989023363967668
1625 1.6989023363967668
1626 1.6989023363967668
1627 1.6989023363967668
1628 1.6989023363967668
1629 1.6989023363967668
1630 1.6989023363967668
1631 1.6989023363967668
1632 1.6989023363967668
1633 1.6989023363967668
1634 1.6989023363967668
1635 1.6989023363967668
1636 1.6989023363967668
1637 1.6989023363967668
1638 1.6989023363967668
1639 1.6989023363967668
1640 1.6989023363967668
1641 1.6989023363967668
1642 1.6989023363967668
1643 1.6989023363967668
1644 1.6989023363967668
1645 1.6989023363967668
1646 1.6989023363967668
1647 1.6989023363967668
1648 1.6989023363967668
1649 1.6989023363967668
1650 1.6989023363967668
1651 1.6989023363967668
1652 1.6989023363967668
1653 1.6989023363967668
1654 1.6989023363967668
1655 1.6989023363967668
1656 1.6989023363967668
1657 1.6989023363967668
1658 1.6989023363967668
1659 1.6989023363967668
1660 1.6989023363967668
1661 1.6989023363967668
1662 1.6989023363967668
1663 1.6989023363967668
1664 1.6989023363967668
1665 1.6989023363967668
1666 1.6989023363967668
1667 1.6989023363967668
1668 1.6989023363967668
1669 1.6989023363967668
1670 1.6989023363967668
1671 1.6989023363967668
1672 1.6989023363967668
1673 1.6989023363967668
1674 1.6989023363967668
1675 1.6989023363967668
1676 1.6989023363967668
1677 1.6989023363967668
1678 1.6989023363967668
1679 1.6989023363967668
1680 1.6989023363967668
1681 1.6989023363967668
1682 1.6989023363967668
1683 1.6989023363967668
1684 1.6989023363967668
1685 1.6989023363967668
1686 1.6989023363967668
1687 1.6989023363967668
1688 1.6989023363967668
1689 1.6989023363967668
1690 1.6989023363967668
1691 1.6989023363967668
1692 1.6989023363967668
1693 1.6989023363967668
1694 1.6989023363967668
1695 1.6989023363967668
1696 1.6989023363967668
1697 1.6989023363967668
1698 1.6989023363967668
1699 1.6989023363967668
1700 1.6989023363967668
1701 1.6989023363967668
1702 1.6989023363967668
1703 1.6989023363967668
1704 1.6989023363967668
1705 1.6989023363967668
1706 1.6989023363967668
1707 1.6989023363967668
1708 1.6989023363967668
1709 1.6989023363967668
1710 1.6989023363967668
1711 1.6989023363967668
1712 1.6989023363967668
1713 1.6989023363967668
1714 1.6989023363967668
1715 1.6989023363967668
1716 1.6989023363967668
1717 1.6989023363967668
1718 1.6989023363967668
1719 1.6989023363967668
1720 1.6989023363967668
1721 1.6989023363967668
1722 1.6989023363967668
1723 1.6989023363967668
1724 1.6989023363967668
1725 1.6989023363967668
1726 1.6989023363967668
1727 1.6989023363967668
1728 1.6989023363967668
1729 1.6989023363967668
1730 1.6989023363967668
1731 1.6989023363967668
1732 1.6989023363967668
1733 1.6989023363967668
1734 1.6989023363967668
1735 1.6989023363967668
1736 1.6989023363967668
1737 1.6989023363967668
1738 1.6989023363967668
1739 1.6989023363967668
1740 1.6989023363967668
1741 1.6989023363967668
1742 1.6989023363967668
1743 1.6989023363967668
1744 1.6989023363967668
1745 1.6989023363967668
1746 1.6989023363967668
1747 1.6989023363967668
1748 1.6989023363967668
1749 1.6989023363967668
1750 1.6989023363967668
1751 1.6989023363967668
1752 1.6989023363967668
1753 1.6989023363967668
1754 1.6989023363967668
1755 1.6989023363967668
1756 1.6989023363967668
1757 1.6989023363967668
1758 1.6989023363967668
1759 1.6989023363967668
1760 1.6989023363967668
1761 1.6989023363967668
1762 1.6989023363967668
1763 1.6989023363967668
1764 1.6989023363967668
1765 1.6989023363967668
1766 1.6989023363967668
1767 1.6989023363967668
1768 1.6989023363967668
1769 1.6989023363967668
1770 1.6989023363967668
1771 1.6989023363967668
1772 1.6989023363967668
1773 1.6989023363967668
1774 1.6989023363967668
1775 1.6989023363967668
1776 1.6989023363967668
1777 1.6989023363967668
1778 1.6989023363967668
1779 1.6989023363967668
1780 1.6989023363967668
1781 1.6989023363967668
1782 1.6989023363967668
1783 1.6989023363967668
1784 1.6989023363967668
1785 1.6989023363967668
1786 1.6989023363967668
1787 1.6989023363967668
1788 1.6989023363967668
1789 1.6989023363967668
1790 1.6989023363967668
1791 1.6989023363967668
1792 1.6989023363967668
1793 1.6989023363967668
1794 1.6989023363967668
1795 1.6989023363967668
1796 1.6989023363967668
1797 1.6989023363967668
1798 1.6989023363967668
1799 1.6989023363967668
1800 1.6989023363967668
1801 1.6989023363967668
1802 1.6989023363967668
1803 1.6989023363967668
1804 1.6989023363967668
1805 1.6989023363967668
1806 1.6989023363967668
1807 1.6989023363967668
1808 1.6989023363967668
1809 1.6989023363967668
1810 1.6989023363967668
1811 1.6989023363967668
1812 1.6989023363967668
1813 1.6989023363967668
1814 1.6989023363967668
1815 1.6989023363967668
1816 1.6989023363967668
1817 1.6989023363967668
1818 1.6989023363967668
1819 1.6989023363967668
1820 1.6989023363967668
1821 1.6989023363967668
1822 1.6989023363967668
1823 1.6989023363967668
1824 1.6989023363967668
1825 1.6989023363967668
1826 1.6989023363967668
1827 1.6989023363967668
1828 1.6989023363967668
1829 1.6989023363967668
1830 1.6989023363967668
1831 1.6989023363967668
1832 1.6989023363967668
1833 1.6989023363967668
1834 1.6989023363967668
1835 1.6989023363967668
1836 1.6989023363967668
1837 1.6989023363967668
1838 1.6989023363967668
1839 1.6989023363967668
1840 1.6989023363967668
1841 1.6989023363967668
1842 1.6989023363967668
1843 1.6989023363967668
1844 1.6989023363967668
1845 1.6989023363967668
1846 1.6989023363967668
1847 1.6989023363967668
1848 1.6989023363967668
1849 1.6989023363967668
1850 1.6989023363967668
1851 1.6989023363967668
1852 1.6989023363967668
1853 1.6989023363967668
1854 1.6989023363967668
1855 1.6989023363967668
1856 1.6989023363967668
1857 1.6989023363967668
1858 1.6989023363967668
1859 1.6989023363967668
1860 1.6989023363967668
1861 1.6989023363967668
1862 1.6989023363967668
1863 1.6989023363967668
1864 1.6989023363967668
1865 1.6989023363967668
1866 1.6989023363967668
1867 1.6989023363967668
1868 1.6989023363967668
1869 1.6989023363967668
1870 1.6989023363967668
1871 1.6989023363967668
1872 1.6989023363967668
1873 1.6989023363967668
1874 1.6989023363967668
1875 1.6989023363967668
1876 1.6989023363967668
1877 1.6989023363967668
1878 1.6989023363967668
1879 1.6989023363967668
1880 1.6989023363967668
1881 1.6989023363967668
1882 1.6989023363967668
1883 1.6989023363967668
1884 1.6989023363967668
1885 1.6989023363967668
1886 1.6989023363967668
1887 1.6989023363967668
1888 1.6989023363967668
1889 1.6989023363967668
1890 1.6989023363967668
1891 1.6989023363967668
1892 1.6989023363967668
1893 1.6989023363967668
1894 1.6989023363967668
1895 1.6989023363967668
1896 1.6989023363967668
1897 1.6989023363967668
1898 1.6989023363967668
1899 1.6989023363967668
1900 1.6989023363967668
1901 1.6989023363967668
1902 1.6989023363967668
1903 1.6989023363967668
1904 1.6989023363967668
1905 1.6989023363967668
1906 1.6989023363967668
1907 1.6989023363967668
1908 1.6989023363967668
1909 1.6989023363967668
1910 1.6989023363967668
1911 1.6989023363967668
1912 1.6989023363967668
1913 1.6989023363967668
1914 1.6989023363967668
1915 1.6989023363967668
1916 1.6989023363967668
1917 1.6989023363967668
1918 1.6989023363967668
1919 1.6989023363967668
1920 1.6989023363967668
1921 1.6989023363967668
1922 1.6989023363967668
1923 1.6989023363967668
1924 1.6989023363967668
1925 1.6989023363967668
1926 1.6989023363967668
1927 1.6989023363967668
1928 1.6989023363967668
1929 1.6989023363967668
1930 1.6989023363967668
1931 1.6989023363967668
1932 1.6989023363967668
1933 1.6989023363967668
1934 1.6989023363967668
1935 1.6989023363967668
1936 1.6989023363967668
1937 1.6989023363967668
1938 1.6989023363967668
1939 1.6989023363967668
1940 1.6989023363967668
1941 1.6989023363967668
1942 1.6989023363967668
1943 1.6989023363967668
1944 1.6989023363967668
1945 1.6989023363967668
1946 1.6989023363967668
1947 1.6989023363967668
1948 1.6989023363967668
1949 1.6989023363967668
1950 1.6989023363967668
1951 1.6989023363967668
1952 1.6989023363967668
1953 1.6989023363967668
1954 1.6989023363967668
1955 1.6989023363967668
1956 1.6989023363967668
1957 1.6989023363967668
1958 1.6989023363967668
1959 1.6989023363967668
1960 1.6989023363967668
1961 1.6989023363967668
1962 1.6989023363967668
1963 1.6989023363967668
1964 1.6989023363967668
1965 1.6989023363967668
1966 1.6989023363967668
1967 1.6989023363967668
1968 1.6989023363967668
1969 1.6989023363967668
1970 1.6989023363967668
1971 1.6989023363967668
1972 1.6989023363967668
1973 1.6989023363967668
1974 1.6989023363967668
1975 1.6989023363967668
1976 1.6989023363967668
1977 1.6989023363967668
1978 1.6989023363967668
1979 1.6989023363967668
1980 1.6989023363967668
1981 1.6989023363967668
1982 1.6989023363967668
1983 1.6989023363967668
1984 1.6989023363967668
1985 1.6989023363967668
1986 1.6989023363967668
1987 1.6989023363967668
1988 1.6989023363967668
1989 1.6989023363967668
1990 1.6989023363967668
1991 1.6989023363967668
1992 1.6989023363967668
1993 1.6989023363967668
1994 1.6989023363967668
1995 1.6989023363967668
1996 1.6989023363967668
1997 1.6989023363967668
1998 1.6989023363967668
1999 1.6989023363967668
2000 1.6989023363967668
2001 1.6989023363967668
2002 1.6989023363967668
2003 1.6989023363967668
2004 1.6989023363967668
2005 1.6989023363967668
2006 1.6989023363967668
2007 1.6989023363967668
2008 1.6989023363967668
2009 1.6989023363967668
2010 1.6989023363967668
2011 1.6989023363967668
2012 1.6989023363967668
2013 1.6989023363967668
2014 1.6989023363967668
2015 1.6989023363967668
2016 1.6989023363967668
2017 1.6989023363967668
2018 1.6989023363967668
2019 1.6989023363967668
2020 1.6989023363967668
2021 1.6989023363967668
2022 1.6989023363967668
2023 1.6989023363967668
2024 1.6989023363967668
2025 1.6989023363967668
2026 1.6989023363967668
2027 1.6989023363967668
2028 1.6989023363967668
2029 1.6989023363967668
2030 1.6989023363967668
2031 1.6989023363967668
2032 1.6989023363967668
2033 1.6989023363967668
2034 1.6989023363967668
2035 1.6989023363967668
2036 1.6989023363967668
2037 1.6989023363967668
2038 1.6989023363967668
2039 1.6989023363967668
2040 1.6989023363967668
2041 1.6989023363967668
2042 1.6989023363967668
2043 1.6989023363967668
2044 1.6989023363967668
2045 1.6989023363967668
2046 1.6989023363967668
2047 1.6989023363967668
2048 1.6989023363967668
2049 1.6989023363967668
2050 1.6989023363967668
2051 1.6989023363967668
2052 1.6989023363967668
2053 1.6989023363967668
2054 1.6989023363967668
2055 1.6989023363967668
2056 1.6989023363967668
2057 1.6989023363967668
2058 1.6989023363967668
2059 1.6989023363967668
2060 1.6989023363967668
2061 1.6989023363967668
2062 1.6989023363967668
2063 1.6989023363967668
2064 1.6989023363967668
2065 1.6989023363967668
2066 1.6989023363967668
2067 1.6989023363967668
2068 1.6989023363967668
2069 1.6989023363967668
2070 1.6989023363967668
2071 1.6989023363967668
2072 1.6989023363967668
2073 1.6989023363967668
2074 1.6989023363967668
2075 1.6989023363967668
2076 1.6989023363967668
2077 1.6989023363967668
2078 1.6989023363967668
2079 1.6989023363967668
2080 1.6989023363967668
2081 1.6989023363967668
2082 1.6989023363967668
2083 1.6989023363967668
2084 1.6989023363967668
2085 1.6989023363967668
2086 1.6989023363967668
2087 1.6989023363967668
2088 1.6989023363967668
2089 1.6989023363967668
2090 1.6989023363967668
2091 1.6989023363967668
2092 1.6989023363967668
2093 1.6989023363967668
2094 1.6989023363967668
2095 1.6989023363967668
2096 1.6989023363967668
2097 1.6989023363967668
2098 1.6989023363967668
2099 1.6989023363967668
2100 1.6989023363967668
2101 1.6989023363967668
2102 1.6989023363967668
2103 1.6989023363967668
2104 1.6989023363967668
2105 1.6989023363967668
2106 1.6989023363967668
2107 1.6989023363967668
2108 1.6989023363967668
2109 1.6989023363967668
2110 1.6989023363967668
2111 1.6989023363967668
2112 1.6989023363967668
2113 1.6989023363967668
2114 1.6989023363967668
2115 1.6989023363967668
2116 1.6989023363967668
2117 1.6989023363967668
2118 1.6989023363967668
2119 1.6989023363967668
2120 1.6989023363967668
2121 1.6989023363967668
2122 1.6989023363967668
2123 1.6989023363967668
2124 1.6989023363967668
2125 1.6989023363967668
2126 1.6989023363967668
2127 1.6989023363967668
2128 1.6989023363967668
2129 1.6989023363967668
2130 1.6989023363967668
2131 1.6989023363967668
2132 1.6989023363967668
2133 1.6989023363967668
2134 1.6989023363967668
2135 1.6989023363967668
2136 1.6989023363967668
2137 1.6989023363967668
2138 1.6989023363967668
2139 1.6989023363967668
2140 1.6989023363967668
2141 1.6989023363967668
2142 1.6989023363967668
2143 1.6989023363967668
2144 1.6989023363967668
2145 1.6989023363967668
2146 1.6989023363967668
2147 1.6989023363967668
2148 1.6989023363967668
2149 1.6989023363967668
2150 1.6989023363967668
2151 1.6989023363967668
2152 1.6989023363967668
2153 1.6989023363967668
2154 1.6989023363967668
2155 1.6989023363967668
2156 1.6989023363967668
2157 1.6989023363967668
2158 1.6989023363967668
2159 1.6989023363967668
2160 1.6989023363967668
2161 1.6989023363967668
2162 1.6989023363967668
2163 1.6989023363967668
2164 1.6989023363967668
2165 1.6989023363967668
2166 1.6989023363967668
2167 1.6989023363967668
2168 1.6989023363967668
2169 1.6989023363967668
2170 1.6989023363967668
2171 1.6989023363967668
2172 1.6989023363967668
2173 1.6989023363967668
2174 1.6989023363967668
2175 1.6989023363967668
2176 1.6989023363967668
2177 1.6989023363967668
2178 1.6989023363967668
2179 1.6989023363967668
2180 1.6989023363967668
2181 1.6989023363967668
2182 1.6989023363967668
2183 1.6989023363967668
2184 1.6989023363967668
2185 1.6989023363967668
2186 1.6989023363967668
2187 1.6989023363967668
2188 1.6989023363967668
2189 1.6989023363967668
2190 1.6989023363967668
2191 1.6989023363967668
2192 1.6989023363967668
2193 1.6989023363967668
2194 1.6989023363967668
2195 1.6989023363967668
2196 1.6989023363967668
2197 1.6989023363967668
2198 1.6989023363967668
2199 1.6989023363967668
2200 1.6989023363967668
2201 1.6989023363967668
2202 1.6989023363967668
2203 1.6989023363967668
2204 1.6989023363967668
2205 1.6989023363967668
2206 1.6989023363967668
2207 1.6989023363967668
2208 1.6989023363967668
2209 1.6989023363967668
2210 1.6989023363967668
2211 1.6989023363967668
2212 1.6989023363967668
2213 1.6989023363967668
2214 1.6989023363967668
2215 1.6989023363967668
2216 1.6989023363967668
2217 1.6989023363967668
2218 1.6989023363967668
2219 1.6989023363967668
2220 1.6989023363967668
2221 1.6989023363967668
2222 1.6989023363967668
2223 1.6989023363967668
2224 1.6989023363967668
2225 1.6989023363967668
2226 1.6989023363967668
2227 1.6989023363967668
2228 1.6989023363967668
2229 1.6989023363967668
2230 1.6989023363967668
2231 1.6989023363967668
2232 1.6989023363967668
2233 1.6989023363967668
2234 1.6989023363967668
2235 1.6989023363967668
2236 1.6989023363967668
2237 1.6989023363967668
2238 1.6989023363967668
2239 1.6989023363967668
2240 1.6989023363967668
2241 1.6989023363967668
2242 1.6989023363967668
2243 1.6989023363967668
2244 1.6989023363967668
2245 1.6989023363967668
2246 1.6989023363967668
2247 1.6989023363967668
2248 1.6989023363967668
2249 1.6989023363967668
2250 1.6989023363967668
2251 1.6989023363967668
2252 1.6989023363967668
2253 1.6989023363967668
2254 1.6989023363967668
2255 1.6989023363967668
2256 1.6989023363967668
2257 1.6989023363967668
2258 1.6989023363967668
2259 1.6989023363967668
2260 1.6989023363967668
2261 1.6989023363967668
2262 1.6989023363967668
2263 1.6989023363967668
2264 1.6989023363967668
2265 1.6989023363967668
2266 1.6989023363967668
2267 1.6989023363967668
2268 1.6989023363967668
2269 1.6989023363967668
2270 1.6989023363967668
2271 1.6989023363967668
2272 1.6989023363967668
2273 1.6989023363967668
2274 1.6989023363967668
2275 1.6989023363967668
2276 1.6989023363967668
2277 1.6989023363967668
2278 1.6989023363967668
2279 1.6989023363967668
2280 1.6989023363967668
2281 1.6989023363967668
2282 1.6989023363967668
2283 1.6989023363967668
2284 1.6989023363967668
2285 1.6989023363967668
2286 1.6989023363967668
2287 1.6989023363967668
2288 1.6989023363967668
2289 1.6989023363967668
2290 1.6989023363967668
2291 1.6989023363967668
2292 1.6989023363967668
2293 1.6989023363967668
2294 1.6989023363967668
2295 1.6989023363967668
2296 1.6989023363967668
2297 1.6989023363967668
2298 1.6989023363967668
2299 1.6989023363967668
2300 1.6989023363967668
2301 1.6989023363967668
2302 1.6989023363967668
2303 1.6989023363967668
2304 1.6989023363967668
2305 1.6989023363967668
2306 1.6989023363967668
2307 1.6989023363967668
2308 1.6989023363967668
2309 1.6989023363967668
2310 1.6989023363967668
2311 1.6989023363967668
2312 1.6989023363967668
2313 1.6989023363967668
2314 1.6989023363967668
2315 1.6989023363967668
2316 1.6989023363967668
2317 1.6989023363967668
2318 1.6989023363967668
2319 1.6989023363967668
2320 1.6989023363967668
2321 1.6989023363967668
2322 1.6989023363967668
2323 1.6989023363967668
2324 1.6989023363967668
2325 1.6989023363967668
2326 1.6989023363967668
2327 1.6989023363967668
2328 1.6989023363967668
2329 1.6989023363967668
2330 1.6989023363967668
2331 1.6989023363967668
2332 1.6989023363967668
2333 1.6989023363967668
2334 1.6989023363967668
2335 1.6989023363967668
2336 1.6989023363967668
2337 1.6989023363967668
2338 1.6989023363967668
2339 1.6989023363967668
2340 1.6989023363967668
2341 1.6989023363967668
2342 1.6989023363967668
2343 1.6989023363967668
2344 1.6989023363967668
2345 1.6989023363967668
2346 1.6989023363967668
2347 1.6989023363967668
2348 1.6989023363967668
2349 1.6989023363967668
2350 1.6989023363967668
2351 1.6989023363967668
2352 1.6989023363967668
2353 1.6989023363967668
2354 1.6989023363967668
2355 1.6989023363967668
2356 1.6989023363967668
2357 1.6989023363967668
2358 1.6989023363967668
2359 1.6989023363967668
2360 1.6989023363967668
2361 1.6989023363967668
2362 1.6989023363967668
2363 1.6989023363967668
2364 1.6989023363967668
2365 1.6989023363967668
2366 1.6989023363967668
2367 1.6989023363967668
2368 1.6989023363967668
2369 1.6989023363967668
2370 1.6989023363967668
2371 1.6989023363967668
2372 1.6989023363967668
2373 1.6989023363967668
2374 1.6989023363967668
2375 1.6989023363967668
2376 1.6989023363967668
2377 1.6989023363967668
2378 1.6989023363967668
2379 1.6989023363967668
2380 1.6989023363967668
2381 1.6989023363967668
2382 1.6989023363967668
2383 1.6989023363967668
2384 1.6989023363967668
2385 1.6989023363967668
2386 1.6989023363967668
2387 1.6989023363967668
2388 1.6989023363967668
2389 1.6989023363967668
2390 1.6989023363967668
2391 1.6989023363967668
2392 1.6989023363967668
2393 1.6989023363967668
2394 1.6989023363967668
2395 1.6989023363967668
2396 1.6989023363967668
2397 1.6989023363967668
2398 1.6989023363967668
2399 1.6989023363967668
2400 1.6989023363967668
2401 1.6989023363967668
2402 1.6989023363967668
2403 1.6989023363967668
2404 1.6989023363967668
2405 1.6989023363967668
2406 1.6989023363967668
2407 1.6989023363967668
2408 1.6989023363967668
2409 1.6989023363967668
2410 1.6989023363967668
2411 1.6989023363967668
2412 1.6989023363967668
2413 1.6989023363967668
2414 1.6989023363967668
2415 1.6989023363967668
2416 1.6989023363967668
2417 1.6989023363967668
2418 1.6989023363967668
2419 1.6989023363967668
2420 1.6989023363967668
2421 1.6989023363967668
2422 1.6989023363967668
2423 1.6989023363967668
2424 1.6989023363967668
2425 1.6989023363967668
2426 1.6989023363967668
2427 1.6989023363967668
2428 1.6989023363967668
2429 1.6989023363967668
2430 1.6989023363967668
2431 1.6989023363967668
2432 1.6989023363967668
2433 1.6989023363967668
2434 1.6989023363967668
2435 1.6989023363967668
2436 1.6989023363967668
2437 1.6989023363967668
2438 1.6989023363967668
2439 1.6989023363967668
2440 1.6989023363967668
2441 1.6989023363967668
2442 1.6989023363967668
2443 1.6989023363967668
2444 1.6989023363967668
2445 1.6989023363967668
2446 1.6989023363967668
2447 1.6989023363967668
2448 1.6989023363967668
2449 1.6989023363967668
2450 1.6989023363967668
2451 1.6989023363967668
2452 1.6989023363967668
2453 1.6989023363967668
2454 1.6989023363967668
2455 1.6989023363967668
2456 1.6989023363967668
2457 1.6989023363967668
2458 1.6989023363967668
2459 1.6989023363967668
2460 1.6989023363967668
2461 1.6989023363967668
2462 1.6989023363967668
2463 1.6989023363967668
2464 1.6989023363967668
2465 1.6989023363967668
2466 1.6989023363967668
2467 1.6989023363967668
2468 1.6989023363967668
2469 1.6989023363967668
2470 1.6989023363967668
2471 1.6989023363967668
2472 1.6989023363967668
2473 1.6989023363967668
2474 1.6989023363967668
2475 1.6989023363967668
2476 1.6989023363967668
2477 1.6989023363967668
2478 1.6989023363967668
2479 1.6989023363967668
2480 1.6989023363967668
2481 1.6989023363967668
2482 1.6989023363967668
2483 1.6989023363967668
2484 1.6989023363967668
2485 1.6989023363967668
2486 1.6989023363967668
2487 1.6989023363967668
2488 1.6989023363967668
2489 1.6989023363967668
2490 1.6989023363967668
2491 1.6989023363967668
2492 1.6989023363967668
2493 1.6989023363967668
2494 1.6989023363967668
2495 1.6989023363967668
2496 1.6989023363967668
2497 1.6989023363967668
2498 1.6989023363967668
2499 1.6989023363967668
2500 1.6989023363967668
2501 1.6989023363967668
2502 1.6989023363967668
2503 1.6989023363967668
2504 1.6989023363967668
2505 1.6989023363967668
2506 1.6989023363967668
2507 1.6989023363967668
2508 1.6989023363967668
2509 1.6989023363967668
2510 1.6989023363967668
2511 1.6989023363967668
2512 1.6989023363967668
2513 1.6989023363967668
2514 1.6989023363967668
2515 1.6989023363967668
2516 1.6989023363967668
2517 1.6989023363967668
2518 1.6989023363967668
2519 1.6989023363967668
2520 1.6989023363967668
2521 1.6989023363967668
2522 1.6989023363967668
2523 1.6989023363967668
2524 1.6989023363967668
2525 1.6989023363967668
2526 1.6989023363967668
2527 1.6989023363967668
2528 1.6989023363967668
2529 1.6989023363967668
2530 1.6989023363967668
2531 1.6989023363967668
2532 1.6989023363967668
2533 1.6989023363967668
2534 1.6989023363967668
2535 1.6989023363967668
2536 1.6989023363967668
2537 1.6989023363967668
2538 1.6989023363967668
2539 1.6989023363967668
2540 1.6989023363967668
2541 1.6989023363967668
2542 1.6989023363967668
2543 1.6989023363967668
2544 1.6989023363967668
2545 1.6989023363967668
2546 1.6989023363967668
2547 1.6989023363967668
2548 1.6989023363967668
2549 1.6989023363967668
2550 1.6989023363967668
2551 1.6989023363967668
2552 1.6989023363967668
2553 1.6989023363967668
2554 1.6989023363967668
2555 1.6989023363967668
2556 1.6989023363967668
2557 1.6989023363967668
2558 1.6989023363967668
2559 1.6989023363967668
2560 1.6989023363967668
2561 1.6989023363967668
2562 1.6989023363967668
2563 1.6989023363967668
2564 1.6989023363967668
2565 1.6989023363967668
2566 1.6989023363967668
2567 1.6989023363967668
2568 1.6989023363967668
2569 1.6989023363967668
2570 1.6989023363967668
2571 1.6989023363967668
2572 1.6989023363967668
2573 1.6989023363967668
2574 1.6989023363967668
2575 1.6989023363967668
2576 1.6989023363967668
2577 1.6989023363967668
2578 1.6989023363967668
2579 1.6989023363967668
2580 1.6989023363967668
2581 1.6989023363967668
2582 1.6989023363967668
2583 1.6989023363967668
2584 1.6989023363967668
2585 1.6989023363967668
2586 1.6989023363967668
2587 1.6989023363967668
2588 1.6989023363967668
2589 1.6989023363967668
2590 1.6989023363967668
2591 1.6989023363967668
2592 1.6989023363967668
2593 1.6989023363967668
2594 1.6989023363967668
2595 1.6989023363967668
2596 1.6989023363967668
2597 1.6989023363967668
2598 1.6989023363967668
2599 1.6989023363967668
2600 1.6989023363967668
2601 1.6989023363967668
2602 1.6989023363967668
2603 1.6989023363967668
2604 1.6989023363967668
2605 1.6989023363967668
2606 1.6989023363967668
2607 1.6989023363967668
2608 1.6989023363967668
2609 1.6989023363967668
2610 1.6989023363967668
2611 1.6989023363967668
2612 1.6989023363967668
2613 1.6989023363967668
2614 1.6989023363967668
2615 1.6989023363967668
2616 1.6989023363967668
2617 1.6989023363967668
2618 1.6989023363967668
2619 1.6989023363967668
2620 1.6989023363967668
2621 1.6989023363967668
2622 1.6989023363967668
2623 1.6989023363967668
2624 1.6989023363967668
2625 1.6989023363967668
2626 1.6989023363967668
2627 1.6989023363967668
2628 1.6989023363967668
2629 1.6989023363967668
2630 1.6989023363967668
2631 1.6989023363967668
2632 1.6989023363967668
2633 1.6989023363967668
2634 1.6989023363967668
2635 1.6989023363967668
2636 1.6989023363967668
2637 1.6989023363967668
2638 1.6989023363967668
2639 1.6989023363967668
2640 1.6989023363967668
2641 1.6989023363967668
2642 1.6989023363967668
2643 1.6989023363967668
2644 1.6989023363967668
2645 1.6989023363967668
2646 1.6989023363967668
2647 1.6989023363967668
2648 1.6989023363967668
2649 1.6989023363967668
2650 1.6989023363967668
2651 1.6989023363967668
2652 1.6989023363967668
2653 1.6989023363967668
2654 1.6989023363967668
2655 1.6989023363967668
2656 1.6989023363967668
2657 1.6989023363967668
2658 1.6989023363967668
2659 1.6989023363967668
2660 1.6989023363967668
2661 1.6989023363967668
2662 1.6989023363967668
2663 1.6989023363967668
2664 1.6989023363967668
2665 1.6989023363967668
2666 1.6989023363967668
2667 1.6989023363967668
2668 1.6989023363967668
2669 1.6989023363967668
2670 1.6989023363967668
2671 1.6989023363967668
2672 1.6989023363967668
2673 1.6989023363967668
2674 1.6989023363967668
2675 1.6989023363967668
2676 1.6989023363967668
2677 1.6989023363967668
2678 1.6989023363967668
2679 1.6989023363967668
2680 1.6989023363967668
2681 1.6989023363967668
2682 1.6989023363967668
2683 1.6989023363967668
2684 1.6989023363967668
2685 1.6989023363967668
2686 1.6989023363967668
2687 1.6989023363967668
2688 1.6989023363967668
2689 1.6989023363967668
2690 1.6989023363967668
2691 1.6989023363967668
2692 1.6989023363967668
2693 1.6989023363967668
2694 1.6989023363967668
2695 1.6989023363967668
2696 1.6989023363967668
2697 1.6989023363967668
2698 1.6989023363967668
2699 1.6989023363967668
2700 1.6989023363967668
2701 1.6989023363967668
2702 1.6989023363967668
2703 1.6989023363967668
2704 1.6989023363967668
2705 1.6989023363967668
2706 1.6989023363967668
2707 1.6989023363967668
2708 1.6989023363967668
2709 1.6989023363967668
2710 1.6989023363967668
2711 1.6989023363967668
2712 1.6989023363967668
2713 1.6989023363967668
2714 1.6989023363967668
2715 1.6989023363967668
2716 1.6989023363967668
2717 1.6989023363967668
2718 1.6989023363967668
2719 1.6989023363967668
2720 1.6989023363967668
2721 1.6989023363967668
2722 1.6989023363967668
2723 1.6989023363967668
2724 1.6989023363967668
2725 1.6989023363967668
2726 1.6989023363967668
2727 1.6989023363967668
2728 1.6989023363967668
2729 1.6989023363967668
2730 1.6989023363967668
2731 1.6989023363967668
2732 1.6989023363967668
2733 1.6989023363967668
2734 1.6989023363967668
2735 1.6989023363967668
2736 1.6989023363967668
2737 1.6989023363967668
2738 1.6989023363967668
2739 1.6989023363967668
2740 1.6989023363967668
2741 1.6989023363967668
2742 1.6989023363967668
2743 1.6989023363967668
2744 1.6989023363967668
2745 1.6989023363967668
2746 1.6989023363967668
2747 1.6989023363967668
2748 1.6989023363967668
2749 1.6989023363967668
2750 1.6989023363967668
2751 1.6989023363967668
2752 1.6989023363967668
2753 1.6989023363967668
2754 1.6989023363967668
2755 1.6989023363967668
2756 1.6989023363967668
2757 1.6989023363967668
2758 1.6989023363967668
2759 1.6989023363967668
2760 1.6989023363967668
2761 1.6989023363967668
2762 1.6989023363967668
2763 1.6989023363967668
2764 1.6989023363967668
2765 1.6989023363967668
2766 1.6989023363967668
2767 1.6989023363967668
2768 1.6989023363967668
2769 1.6989023363967668
2770 1.6989023363967668
2771 1.6989023363967668
2772 1.6989023363967668
2773 1.6989023363967668
2774 1.6989023363967668
2775 1.6989023363967668
2776 1.6989023363967668
2777 1.6989023363967668
2778 1.6989023363967668
2779 1.6989023363967668
2780 1.6989023363967668
2781 1.6989023363967668
2782 1.6989023363967668
2783 1.6989023363967668
2784 1.6989023363967668
2785 1.6989023363967668
2786 1.6989023363967668
2787 1.6989023363967668
2788 1.6989023363967668
2789 1.6989023363967668
2790 1.6989023363967668
2791 1.6989023363967668
2792 1.6989023363967668
2793 1.6989023363967668
2794 1.6989023363967668
2795 1.6989023363967668
2796 1.6989023363967668
2797 1.6989023363967668
2798 1.6989023363967668
2799 1.6989023363967668
2800 1.6989023363967668
2801 1.6989023363967668
2802 1.6989023363967668
2803 1.6989023363967668
2804 1.6989023363967668
2805 1.6989023363967668
2806 1.6989023363967668
2807 1.6989023363967668
2808 1.6989023363967668
2809 1.6989023363967668
2810 1.6989023363967668
2811 1.6989023363967668
2812 1.6989023363967668
2813 1.6989023363967668
2814 1.6989023363967668
2815 1.6989023363967668
2816 1.6989023363967668
2817 1.6989023363967668
2818 1.6989023363967668
2819 1.6989023363967668
2820 1.6989023363967668
2821 1.6989023363967668
2822 1.6989023363967668
2823 1.6989023363967668
2824 1.6989023363967668
2825 1.6989023363967668
2826 1.6989023363967668
2827 1.6989023363967668
2828 1.6989023363967668
2829 1.6989023363967668
2830 1.6989023363967668
2831 1.6989023363967668
2832 1.6989023363967668
2833 1.6989023363967668
2834 1.6989023363967668
2835 1.6989023363967668
2836 1.6989023363967668
2837 1.6989023363967668
2838 1.6989023363967668
2839 1.6989023363967668
2840 1.6989023363967668
2841 1.6989023363967668
2842 1.6989023363967668
2843 1.6989023363967668
2844 1.6989023363967668
2845 1.6989023363967668
2846 1.6989023363967668
2847 1.6989023363967668
2848 1.6989023363967668
2849 1.6989023363967668
2850 1.6989023363967668
2851 1.6989023363967668
2852 1.6989023363967668
2853 1.6989023363967668
2854 1.6989023363967668
2855 1.6989023363967668
2856 1.6989023363967668
2857 1.6989023363967668
2858 1.6989023363967668
2859 1.6989023363967668
2860 1.6989023363967668
2861 1.6989023363967668
2862 1.6989023363967668
2863 1.6989023363967668
2864 1.6989023363967668
2865 1.6989023363967668
2866 1.6989023363967668
2867 1.6989023363967668
2868 1.6989023363967668
2869 1.6989023363967668
2870 1.6989023363967668
2871 1.6989023363967668
2872 1.6989023363967668
2873 1.6989023363967668
2874 1.6989023363967668
2875 1.6989023363967668
2876 1.6989023363967668
2877 1.6989023363967668
2878 1.6989023363967668
2879 1.6989023363967668
2880 1.6989023363967668
2881 1.6989023363967668
2882 1.6989023363967668
2883 1.6989023363967668
2884 1.6989023363967668
2885 1.6989023363967668
2886 1.6989023363967668
2887 1.6989023363967668
2888 1.6989023363967668
2889 1.6989023363967668
2890 1.6989023363967668
2891 1.6989023363967668
2892 1.6989023363967668
2893 1.6989023363967668
2894 1.6989023363967668
2895 1.6989023363967668
2896 1.6989023363967668
2897 1.6989023363967668
2898 1.6989023363967668
2899 1.6989023363967668
2900 1.6989023363967668
2901 1.6989023363967668
2902 1.6989023363967668
2903 1.6989023363967668
2904 1.6989023363967668
2905 1.6989023363967668
2906 1.6989023363967668
2907 1.6989023363967668
2908 1.6989023363967668
2909 1.6989023363967668
2910 1.6989023363967668
2911 1.6989023363967668
2912 1.6989023363967668
2913 1.6989023363967668
2914 1.6989023363967668
2915 1.6989023363967668
2916 1.6989023363967668
2917 1.6989023363967668
2918 1.6989023363967668
2919 1.6989023363967668
2920 1.6989023363967668
2921 1.6989023363967668
2922 1.6989023363967668
2923 1.6989023363967668
2924 1.6989023363967668
2925 1.6989023363967668
2926 1.6989023363967668
2927 1.6989023363967668
2928 1.6989023363967668
2929 1.6989023363967668
2930 1.6989023363967668
2931 1.6989023363967668
2932 1.6989023363967668
2933 1.6989023363967668
2934 1.6989023363967668
2935 1.6989023363967668
2936 1.6989023363967668
2937 1.6989023363967668
2938 1.6989023363967668
2939 1.6989023363967668
2940 1.6989023363967668
2941 1.6989023363967668
2942 1.6989023363967668
2943 1.6989023363967668
2944 1.6989023363967668
2945 1.6989023363967668
2946 1.6989023363967668
2947 1.6989023363967668
2948 1.6989023363967668
2949 1.6989023363967668
2950 1.6989023363967668
2951 1.6989023363967668
2952 1.6989023363967668
2953 1.6989023363967668
2954 1.6989023363967668
2955 1.6989023363967668
2956 1.6989023363967668
2957 1.6989023363967668
2958 1.6989023363967668
2959 1.6989023363967668
2960 1.6989023363967668
2961 1.6989023363967668
2962 1.6989023363967668
2963 1.6989023363967668
2964 1.6989023363967668
2965 1.6989023363967668
2966 1.6989023363967668
2967 1.6989023363967668
2968 1.6989023363967668
2969 1.6989023363967668
2970 1.6989023363967668
2971 1.6989023363967668
2972 1.6989023363967668
2973 1.6989023363967668
2974 1.6989023363967668
2975 1.6989023363967668
2976 1.6989023363967668
2977 1.6989023363967668
2978 1.6989023363967668
2979 1.6989023363967668
2980 1.6989023363967668
2981 1.6989023363967668
2982 1.6989023363967668
2983 1.6989023363967668
2984 1.6989023363967668
2985 1.6989023363967668
2986 1.6989023363967668
2987 1.6989023363967668
2988 1.6989023363967668
2989 1.6989023363967668
2990 1.6989023363967668
2991 1.6989023363967668
2992 1.6989023363967668
2993 1.6989023363967668
2994 1.6989023363967668
2995 1.6989023363967668
2996 1.6989023363967668
2997 1.6989023363967668
2998 1.6989023363967668
2999 1.6989023363967668
3000 1.6989023363967668
3001 1.6989023363967668
3002 1.6989023363967668
3003 1.6989023363967668
3004 1.6989023363967668
3005 1.6989023363967668
3006 1.6989023363967668
3007 1.6989023363967668
3008 1.6989023363967668
3009 1.6989023363967668
3010 1.6989023363967668
3011 1.6989023363967668
3012 1.6989023363967668
3013 1.6989023363967668
3014 1.6989023363967668
3015 1.6989023363967668
3016 1.6989023363967668
3017 1.6989023363967668
3018 1.6989023363967668
3019 1.6989023363967668
3020 1.6989023363967668
3021 1.6989023363967668
3022 1.6989023363967668
3023 1.6989023363967668
3024 1.6989023363967668
3025 1.6989023363967668
3026 1.6989023363967668
3027 1.6989023363967668
3028 1.6989023363967668
3029 1.6989023363967668
3030 1.6989023363967668
3031 1.6989023363967668
3032 1.6989023363967668
3033 1.6989023363967668
3034 1.6989023363967668
3035 1.6989023363967668
3036 1.6989023363967668
3037 1.6989023363967668
3038 1.6989023363967668
3039 1.6989023363967668
3040 1.6989023363967668
3041 1.6989023363967668
3042 1.6989023363967668
3043 1.6989023363967668
3044 1.6989023363967668
3045 1.6989023363967668
3046 1.6989023363967668
3047 1.6989023363967668
3048 1.6989023363967668
3049 1.6989023363967668
3050 1.6989023363967668
3051 1.6989023363967668
3052 1.6989023363967668
3053 1.6989023363967668
3054 1.6989023363967668
3055 1.6989023363967668
3056 1.6989023363967668
3057 1.6989023363967668
3058 1.6989023363967668
3059 1.6989023363967668
3060 1.6989023363967668
3061 1.6989023363967668
3062 1.6989023363967668
3063 1.6989023363967668
3064 1.6989023363967668
3065 1.6989023363967668
3066 1.6989023363967668
3067 1.6989023363967668
3068 1.6989023363967668
3069 1.6989023363967668
3070 1.6989023363967668
3071 1.6989023363967668
3072 1.6989023363967668
3073 1.6989023363967668
3074 1.6989023363967668
3075 1.6989023363967668
3076 1.6989023363967668
3077 1.6989023363967668
3078 1.6989023363967668
3079 1.6989023363967668
3080 1.6989023363967668
3081 1.6989023363967668
3082 1.6989023363967668
3083 1.6989023363967668
3084 1.6989023363967668
3085 1.6989023363967668
3086 1.6989023363967668
3087 1.6989023363967668
3088 1.6989023363967668
3089 1.6989023363967668
3090 1.6989023363967668
3091 1.6989023363967668
3092 1.6989023363967668
3093 1.6989023363967668
3094 1.6989023363967668
3095 1.6989023363967668
3096 1.6989023363967668
3097 1.6989023363967668
3098 1.6989023363967668
3099 1.6989023363967668
3100 1.6989023363967668
3101 1.6989023363967668
3102 1.6989023363967668
3103 1.6989023363967668
3104 1.6989023363967668
3105 1.6989023363967668
3106 1.6989023363967668
3107 1.6989023363967668
3108 1.6989023363967668
3109 1.6989023363967668
3110 1.6989023363967668
3111 1.6989023363967668
3112 1.6989023363967668
3113 1.6989023363967668
3114 1.6989023363967668
3115 1.6989023363967668
3116 1.6989023363967668
3117 1.6989023363967668
3118 1.6989023363967668
3119 1.6989023363967668
3120 1.6989023363967668
3121 1.6989023363967668
3122 1.6989023363967668
3123 1.6989023363967668
3124 1.6989023363967668
3125 1.6989023363967668
3126 1.6989023363967668
3127 1.6989023363967668
3128 1.6989023363967668
3129 1.6989023363967668
3130 1.6989023363967668
3131 1.6989023363967668
3132 1.6989023363967668
3133 1.6989023363967668
3134 1.6989023363967668
3135 1.6989023363967668
3136 1.6989023363967668
3137 1.6989023363967668
3138 1.6989023363967668
3139 1.6989023363967668
3140 1.6989023363967668
3141 1.6989023363967668
3142 1.6989023363967668
3143 1.6989023363967668
3144 1.6989023363967668
3145 1.6989023363967668
3146 1.6989023363967668
3147 1.6989023363967668
3148 1.6989023363967668
3149 1.6989023363967668
3150 1.6989023363967668
3151 1.6989023363967668
3152 1.6989023363967668
3153 1.6989023363967668
3154 1.6989023363967668
3155 1.6989023363967668
3156 1.6989023363967668
3157 1.6989023363967668
3158 1.6989023363967668
3159 1.6989023363967668
3160 1.6989023363967668
3161 1.6989023363967668
3162 1.6989023363967668
3163 1.6989023363967668
3164 1.6989023363967668
3165 1.6989023363967668
3166 1.6989023363967668
3167 1.6989023363967668
3168 1.6989023363967668
3169 1.6989023363967668
3170 1.6989023363967668
3171 1.6989023363967668
3172 1.6989023363967668
3173 1.6989023363967668
3174 1.6989023363967668
3175 1.6989023363967668
3176 1.6989023363967668
3177 1.6989023363967668
3178 1.6989023363967668
3179 1.6989023363967668
3180 1.6989023363967668
3181 1.6989023363967668
3182 1.6989023363967668
3183 1.6989023363967668
3184 1.6989023363967668
3185 1.6989023363967668
3186 1.6989023363967668
3187 1.6989023363967668
3188 1.6989023363967668
3189 1.6989023363967668
3190 1.6989023363967668
3191 1.6989023363967668
3192 1.6989023363967668
3193 1.6989023363967668
3194 1.6989023363967668
3195 1.6989023363967668
3196 1.6989023363967668
3197 1.6989023363967668
3198 1.6989023363967668
3199 1.6989023363967668
3200 1.6989023363967668
3201 1.6989023363967668
3202 1.6989023363967668
3203 1.6989023363967668
3204 1.6989023363967668
3205 1.6989023363967668
3206 1.6989023363967668
3207 1.6989023363967668
3208 1.6989023363967668
3209 1.6989023363967668
3210 1.6989023363967668
3211 1.6989023363967668
3212 1.6989023363967668
3213 1.6989023363967668
3214 1.6989023363967668
3215 1.6989023363967668
3216 1.6989023363967668
3217 1.6989023363967668
3218 1.6989023363967668
3219 1.6989023363967668
3220 1.6989023363967668
3221 1.6989023363967668
3222 1.6989023363967668
3223 1.6989023363967668
3224 1.6989023363967668
3225 1.6989023363967668
3226 1.6989023363967668
3227 1.6989023363967668
3228 1.6989023363967668
3229 1.6989023363967668
3230 1.6989023363967668
3231 1.6989023363967668
3232 1.6989023363967668
3233 1.6989023363967668
3234 1.6989023363967668
3235 1.6989023363967668
3236 1.6989023363967668
3237 1.6989023363967668
3238 1.6989023363967668
3239 1.6989023363967668
3240 1.6989023363967668
3241 1.6989023363967668
3242 1.6989023363967668
3243 1.6989023363967668
3244 1.6989023363967668
3245 1.6989023363967668
3246 1.6989023363967668
3247 1.6989023363967668
3248 1.6989023363967668
3249 1.6989023363967668
3250 1.6989023363967668
3251 1.6989023363967668
3252 1.6989023363967668
3253 1.6989023363967668
3254 1.6989023363967668
3255 1.6989023363967668
3256 1.6989023363967668
3257 1.6989023363967668
3258 1.6989023363967668
3259 1.6989023363967668
3260 1.6989023363967668
3261 1.6989023363967668
3262 1.6989023363967668
3263 1.6989023363967668
3264 1.6989023363967668
3265 1.6989023363967668
3266 1.6989023363967668
3267 1.6989023363967668
3268 1.6989023363967668
3269 1.6989023363967668
3270 1.6989023363967668
3271 1.6989023363967668
3272 1.6989023363967668
3273 1.6989023363967668
3274 1.6989023363967668
3275 1.6989023363967668
3276 1.6989023363967668
3277 1.6989023363967668
3278 1.6989023363967668
3279 1.6989023363967668
3280 1.6989023363967668
3281 1.6989023363967668
3282 1.6989023363967668
3283 1.6989023363967668
3284 1.6989023363967668
3285 1.6989023363967668
3286 1.6989023363967668
3287 1.6989023363967668
3288 1.6989023363967668
3289 1.6989023363967668
3290 1.6989023363967668
3291 1.6989023363967668
3292 1.6989023363967668
3293 1.6989023363967668
3294 1.6989023363967668
3295 1.6989023363967668
3296 1.6989023363967668
3297 1.6989023363967668
3298 1.6989023363967668
3299 1.6989023363967668
3300 1.6989023363967668
3301 1.6989023363967668
3302 1.6989023363967668
3303 1.6989023363967668
3304 1.6989023363967668
3305 1.6989023363967668
3306 1.6989023363967668
3307 1.6989023363967668
3308 1.6989023363967668
3309 1.6989023363967668
3310 1.6989023363967668
3311 1.6989023363967668
3312 1.6989023363967668
3313 1.6989023363967668
3314 1.6989023363967668
3315 1.6989023363967668
3316 1.6989023363967668
3317 1.6989023363967668
3318 1.6989023363967668
3319 1.6989023363967668
3320 1.6989023363967668
3321 1.6989023363967668
3322 1.6989023363967668
3323 1.6989023363967668
3324 1.6989023363967668
3325 1.6989023363967668
3326 1.6989023363967668
3327 1.6989023363967668
3328 1.6989023363967668
3329 1.6989023363967668
3330 1.6989023363967668
3331 1.6989023363967668
3332 1.6989023363967668
3333 1.6989023363967668
3334 1.6989023363967668
3335 1.6989023363967668
3336 1.6989023363967668
3337 1.6989023363967668
3338 1.6989023363967668
3339 1.6989023363967668
3340 1.6989023363967668
3341 1.6989023363967668
3342 1.6989023363967668
3343 1.6989023363967668
3344 1.6989023363967668
3345 1.6989023363967668
3346 1.6989023363967668
3347 1.6989023363967668
3348 1.6989023363967668
3349 1.6989023363967668
3350 1.6989023363967668
3351 1.6989023363967668
3352 1.6989023363967668
3353 1.6989023363967668
3354 1.6989023363967668
3355 1.6989023363967668
3356 1.6989023363967668
3357 1.6989023363967668
3358 1.6989023363967668
3359 1.6989023363967668
3360 1.6989023363967668
3361 1.6989023363967668
3362 1.6989023363967668
3363 1.6989023363967668
3364 1.6989023363967668
3365 1.6989023363967668
3366 1.6989023363967668
3367 1.6989023363967668
3368 1.6989023363967668
3369 1.6989023363967668
3370 1.6989023363967668
3371 1.6989023363967668
3372 1.6989023363967668
3373 1.6989023363967668
3374 1.6989023363967668
3375 1.6989023363967668
3376 1.6989023363967668
3377 1.6989023363967668
3378 1.6989023363967668
3379 1.6989023363967668
3380 1.6989023363967668
3381 1.6989023363967668
3382 1.6989023363967668
3383 1.6989023363967668
3384 1.6989023363967668
3385 1.6989023363967668
3386 1.6989023363967668
3387 1.6989023363967668
3388 1.6989023363967668
3389 1.6989023363967668
3390 1.6989023363967668
3391 1.6989023363967668
3392 1.6989023363967668
3393 1.6989023363967668
3394 1.6989023363967668
3395 1.6989023363967668
3396 1.6989023363967668
3397 1.6989023363967668
3398 1.6989023363967668
3399 1.6989023363967668
3400 1.6989023363967668
3401 1.6989023363967668
3402 1.6989023363967668
3403 1.6989023363967668
3404 1.6989023363967668
3405 1.6989023363967668
3406 1.6989023363967668
3407 1.6989023363967668
3408 1.6989023363967668
3409 1.6989023363967668
3410 1.6989023363967668
3411 1.6989023363967668
3412 1.6989023363967668
3413 1.6989023363967668
3414 1.6989023363967668
3415 1.6989023363967668
3416 1.6989023363967668
3417 1.6989023363967668
3418 1.6989023363967668
3419 1.6989023363967668
3420 1.6989023363967668
3421 1.6989023363967668
3422 1.6989023363967668
3423 1.6989023363967668
3424 1.6989023363967668
3425 1.6989023363967668
3426 1.6989023363967668
3427 1.6989023363967668
3428 1.6989023363967668
3429 1.6989023363967668
3430 1.6989023363967668
3431 1.6989023363967668
3432 1.6989023363967668
3433 1.6989023363967668
3434 1.6989023363967668
3435 1.6989023363967668
3436 1.6989023363967668
3437 1.6989023363967668
3438 1.6989023363967668
3439 1.6989023363967668
3440 1.6989023363967668
3441 1.6989023363967668
3442 1.6989023363967668
3443 1.6989023363967668
3444 1.6989023363967668
3445 1.6989023363967668
3446 1.6989023363967668
3447 1.6989023363967668
3448 1.6989023363967668
3449 1.6989023363967668
3450 1.6989023363967668
3451 1.6989023363967668
3452 1.6989023363967668
3453 1.6989023363967668
3454 1.6989023363967668
3455 1.6989023363967668
3456 1.6989023363967668
3457 1.6989023363967668
3458 1.6989023363967668
3459 1.6989023363967668
3460 1.6989023363967668
3461 1.6989023363967668
3462 1.6989023363967668
3463 1.6989023363967668
3464 1.6989023363967668
3465 1.6989023363967668
3466 1.6989023363967668
3467 1.6989023363967668
3468 1.6989023363967668
3469 1.6989023363967668
3470 1.6989023363967668
3471 1.6989023363967668
3472 1.6989023363967668
3473 1.6989023363967668
3474 1.6989023363967668
3475 1.6989023363967668
3476 1.6989023363967668
3477 1.6989023363967668
3478 1.6989023363967668
3479 1.6989023363967668
3480 1.6989023363967668
3481 1.6989023363967668
3482 1.6989023363967668
3483 1.6989023363967668
3484 1.6989023363967668
3485 1.6989023363967668
3486 1.6989023363967668
3487 1.6989023363967668
3488 1.6989023363967668
3489 1.6989023363967668
3490 1.6989023363967668
3491 1.6989023363967668
3492 1.6989023363967668
3493 1.6989023363967668
3494 1.6989023363967668
3495 1.6989023363967668
3496 1.6989023363967668
3497 1.6989023363967668
3498 1.6989023363967668
3499 1.6989023363967668
3500 1.6989023363967668
3501 1.6989023363967668
3502 1.6989023363967668
3503 1.6989023363967668
3504 1.6989023363967668
3505 1.6989023363967668
3506 1.6989023363967668
3507 1.6989023363967668
3508 1.6989023363967668
3509 1.6989023363967668
3510 1.6989023363967668
3511 1.6989023363967668
3512 1.6989023363967668
3513 1.6989023363967668
3514 1.6989023363967668
3515 1.6989023363967668
3516 1.6989023363967668
3517 1.6989023363967668
3518 1.6989023363967668
3519 1.6989023363967668
3520 1.6989023363967668
3521 1.6989023363967668
3522 1.6989023363967668
3523 1.6989023363967668
3524 1.6989023363967668
3525 1.6989023363967668
3526 1.6989023363967668
3527 1.6989023363967668
3528 1.6989023363967668
3529 1.6989023363967668
3530 1.6989023363967668
3531 1.6989023363967668
3532 1.6989023363967668
3533 1.6989023363967668
3534 1.6989023363967668
3535 1.6989023363967668
3536 1.6989023363967668
3537 1.6989023363967668
3538 1.6989023363967668
3539 1.6989023363967668
3540 1.6989023363967668
3541 1.6989023363967668
3542 1.6989023363967668
3543 1.6989023363967668
3544 1.6989023363967668
3545 1.6989023363967668
3546 1.6989023363967668
3547 1.6989023363967668
3548 1.6989023363967668
3549 1.6989023363967668
3550 1.6989023363967668
3551 1.6989023363967668
3552 1.6989023363967668
3553 1.6989023363967668
3554 1.6989023363967668
3555 1.6989023363967668
3556 1.6989023363967668
3557 1.6989023363967668
3558 1.6989023363967668
3559 1.6989023363967668
3560 1.6989023363967668
3561 1.6989023363967668
3562 1.6989023363967668
3563 1.6989023363967668
3564 1.6989023363967668
3565 1.6989023363967668
3566 1.6989023363967668
3567 1.6989023363967668
3568 1.6989023363967668
3569 1.6989023363967668
3570 1.6989023363967668
3571 1.6989023363967668
3572 1.6989023363967668
3573 1.6989023363967668
3574 1.6989023363967668
3575 1.6989023363967668
3576 1.6989023363967668
3577 1.6989023363967668
3578 1.6989023363967668
3579 1.6989023363967668
3580 1.6989023363967668
3581 1.6989023363967668
3582 1.6989023363967668
3583 1.6989023363967668
3584 1.6989023363967668
3585 1.6989023363967668
3586 1.6989023363967668
3587 1.6989023363967668
3588 1.6989023363967668
3589 1.6989023363967668
3590 1.6989023363967668
3591 1.6989023363967668
3592 1.6989023363967668
3593 1.6989023363967668
3594 1.6989023363967668
3595 1.6989023363967668
3596 1.6989023363967668
3597 1.6989023363967668
3598 1.6989023363967668
3599 1.6989023363967668
3600 1.6989023363967668
3601 1.6989023363967668
3602 1.6989023363967668
3603 1.6989023363967668
3604 1.6989023363967668
3605 1.6989023363967668
3606 1.6989023363967668
3607 1.6989023363967668
3608 1.6989023363967668
3609 1.6989023363967668
3610 1.6989023363967668
3611 1.6989023363967668
3612 1.6989023363967668
3613 1.6989023363967668
3614 1.6989023363967668
3615 1.6989023363967668
3616 1.6989023363967668
3617 1.6989023363967668
3618 1.6989023363967668
3619 1.6989023363967668
3620 1.6989023363967668
3621 1.6989023363967668
3622 1.6989023363967668
3623 1.6989023363967668
3624 1.6989023363967668
3625 1.6989023363967668
3626 1.6989023363967668
3627 1.6989023363967668
3628 1.6989023363967668
3629 1.6989023363967668
3630 1.6989023363967668
3631 1.6989023363967668
3632 1.6989023363967668
3633 1.6989023363967668
3634 1.6989023363967668
3635 1.6989023363967668
3636 1.6989023363967668
3637 1.6989023363967668
3638 1.6989023363967668
3639 1.6989023363967668
3640 1.6989023363967668
3641 1.6989023363967668
3642 1.6989023363967668
3643 1.6989023363967668
3644 1.6989023363967668
3645 1.6989023363967668
3646 1.6989023363967668
3647 1.6989023363967668
3648 1.6989023363967668
3649 1.6989023363967668
3650 1.6989023363967668
3651 1.6989023363967668
3652 1.6989023363967668
3653 1.6989023363967668
3654 1.6989023363967668
3655 1.6989023363967668
3656 1.6989023363967668
3657 1.6989023363967668
3658 1.6989023363967668
3659 1.6989023363967668
3660 1.6989023363967668
3661 1.6989023363967668
3662 1.6989023363967668
3663 1.6989023363967668
3664 1.6989023363967668
3665 1.6989023363967668
3666 1.6989023363967668
3667 1.6989023363967668
3668 1.6989023363967668
3669 1.6989023363967668
3670 1.6989023363967668
3671 1.6989023363967668
3672 1.6989023363967668
3673 1.6989023363967668
3674 1.6989023363967668
3675 1.6989023363967668
3676 1.6989023363967668
3677 1.6989023363967668
3678 1.6989023363967668
3679 1.6989023363967668
3680 1.6989023363967668
3681 1.6989023363967668
3682 1.6989023363967668
3683 1.6989023363967668
3684 1.6989023363967668
3685 1.6989023363967668
3686 1.6989023363967668
3687 1.6989023363967668
3688 1.6989023363967668
3689 1.6989023363967668
3690 1.6989023363967668
3691 1.6989023363967668
3692 1.6989023363967668
3693 1.6989023363967668
3694 1.6989023363967668
3695 1.6989023363967668
3696 1.6989023363967668
3697 1.6989023363967668
3698 1.6989023363967668
3699 1.6989023363967668
3700 1.6989023363967668
3701 1.6989023363967668
3702 1.6989023363967668
3703 1.6989023363967668
3704 1.6989023363967668
3705 1.6989023363967668
3706 1.6989023363967668
3707 1.6989023363967668
3708 1.6989023363967668
3709 1.6989023363967668
3710 1.6989023363967668
3711 1.6989023363967668
3712 1.6989023363967668
3713 1.6989023363967668
3714 1.6989023363967668
3715 1.6989023363967668
3716 1.6989023363967668
3717 1.6989023363967668
3718 1.6989023363967668
3719 1.6989023363967668
3720 1.6989023363967668
3721 1.6989023363967668
3722 1.6989023363967668
3723 1.6989023363967668
3724 1.6989023363967668
3725 1.6989023363967668
3726 1.6989023363967668
3727 1.6989023363967668
3728 1.6989023363967668
3729 1.6989023363967668
3730 1.6989023363967668
3731 1.6989023363967668
3732 1.6989023363967668
3733 1.6989023363967668
3734 1.6989023363967668
3735 1.6989023363967668
3736 1.6989023363967668
3737 1.6989023363967668
3738 1.6989023363967668
3739 1.6989023363967668
3740 1.6989023363967668
3741 1.6989023363967668
3742 1.6989023363967668
3743 1.6989023363967668
3744 1.6989023363967668
3745 1.6989023363967668
3746 1.6989023363967668
3747 1.6989023363967668
3748 1.6989023363967668
3749 1.6989023363967668
3750 1.6989023363967668
3751 1.6989023363967668
3752 1.6989023363967668
3753 1.6989023363967668
3754 1.6989023363967668
3755 1.6989023363967668
3756 1.6989023363967668
3757 1.6989023363967668
3758 1.6989023363967668
3759 1.6989023363967668
3760 1.6989023363967668
3761 1.6989023363967668
3762 1.6989023363967668
3763 1.6989023363967668
3764 1.6989023363967668
3765 1.6989023363967668
3766 1.6989023363967668
3767 1.6989023363967668
3768 1.6989023363967668
3769 1.6989023363967668
3770 1.6989023363967668
3771 1.6989023363967668
3772 1.6989023363967668
3773 1.6989023363967668
3774 1.6989023363967668
3775 1.6989023363967668
3776 1.6989023363967668
3777 1.6989023363967668
3778 1.6989023363967668
3779 1.6989023363967668
3780 1.6989023363967668
3781 1.6989023363967668
3782 1.6989023363967668
3783 1.6989023363967668
3784 1.6989023363967668
3785 1.6989023363967668
3786 1.6989023363967668
3787 1.6989023363967668
3788 1.6989023363967668
3789 1.6989023363967668
3790 1.6989023363967668
3791 1.6989023363967668
3792 1.6989023363967668
3793 1.6989023363967668
3794 1.6989023363967668
3795 1.6989023363967668
3796 1.6989023363967668
3797 1.6989023363967668
3798 1.6989023363967668
3799 1.6989023363967668
3800 1.6989023363967668
3801 1.6989023363967668
3802 1.6989023363967668
3803 1.6989023363967668
3804 1.6989023363967668
3805 1.6989023363967668
3806 1.6989023363967668
3807 1.6989023363967668
3808 1.6989023363967668
3809 1.6989023363967668
3810 1.6989023363967668
3811 1.6989023363967668
3812 1.6989023363967668
3813 1.6989023363967668
3814 1.6989023363967668
3815 1.6989023363967668
3816 1.6989023363967668
3817 1.6989023363967668
3818 1.6989023363967668
3819 1.6989023363967668
3820 1.6989023363967668
3821 1.6989023363967668
3822 1.6989023363967668
3823 1.6989023363967668
3824 1.6989023363967668
3825 1.6989023363967668
3826 1.6989023363967668
3827 1.6989023363967668
3828 1.6989023363967668
3829 1.6989023363967668
3830 1.6989023363967668
3831 1.6989023363967668
3832 1.6989023363967668
3833 1.6989023363967668
3834 1.6989023363967668
3835 1.6989023363967668
3836 1.6989023363967668
3837 1.6989023363967668
3838 1.6989023363967668
3839 1.6989023363967668
3840 1.6989023363967668
3841 1.6989023363967668
3842 1.6989023363967668
3843 1.6989023363967668
3844 1.6989023363967668
3845 1.6989023363967668
3846 1.6989023363967668
3847 1.6989023363967668
3848 1.6989023363967668
3849 1.6989023363967668
3850 1.6989023363967668
3851 1.6989023363967668
3852 1.6989023363967668
3853 1.6989023363967668
3854 1.6989023363967668
3855 1.6989023363967668
3856 1.6989023363967668
3857 1.6989023363967668
3858 1.6989023363967668
3859 1.6989023363967668
3860 1.6989023363967668
3861 1.6989023363967668
3862 1.6989023363967668
3863 1.6989023363967668
3864 1.6989023363967668
3865 1.6989023363967668
3866 1.6989023363967668
3867 1.6989023363967668
3868 1.6989023363967668
3869 1.6989023363967668
3870 1.6989023363967668
3871 1.6989023363967668
3872 1.6989023363967668
3873 1.6989023363967668
3874 1.6989023363967668
3875 1.6989023363967668
3876 1.6989023363967668
3877 1.6989023363967668
3878 1.6989023363967668
3879 1.6989023363967668
3880 1.6989023363967668
3881 1.6989023363967668
3882 1.6989023363967668
3883 1.6989023363967668
3884 1.6989023363967668
3885 1.6989023363967668
3886 1.6989023363967668
3887 1.6989023363967668
3888 1.6989023363967668
3889 1.6989023363967668
3890 1.6989023363967668
3891 1.6989023363967668
3892 1.6989023363967668
3893 1.6989023363967668
3894 1.6989023363967668
3895 1.6989023363967668
3896 1.6989023363967668
3897 1.6989023363967668
3898 1.6989023363967668
3899 1.6989023363967668
3900 1.6989023363967668
3901 1.6989023363967668
3902 1.6989023363967668
3903 1.6989023363967668
3904 1.6989023363967668
3905 1.6989023363967668
3906 1.6989023363967668
3907 1.6989023363967668
3908 1.6989023363967668
3909 1.6989023363967668
3910 1.6989023363967668
3911 1.6989023363967668
3912 1.6989023363967668
3913 1.6989023363967668
3914 1.6989023363967668
3915 1.6989023363967668
3916 1.6989023363967668
3917 1.6989023363967668
3918 1.6989023363967668
3919 1.6989023363967668
3920 1.6989023363967668
3921 1.6989023363967668
3922 1.6989023363967668
3923 1.6989023363967668
3924 1.6989023363967668
3925 1.6989023363967668
3926 1.6989023363967668
3927 1.6989023363967668
3928 1.6989023363967668
3929 1.6989023363967668
3930 1.6989023363967668
3931 1.6989023363967668
3932 1.6989023363967668
3933 1.6989023363967668
3934 1.6989023363967668
3935 1.6989023363967668
3936 1.6989023363967668
3937 1.6989023363967668
3938 1.6989023363967668
3939 1.6989023363967668
3940 1.6989023363967668
3941 1.6989023363967668
3942 1.6989023363967668
3943 1.6989023363967668
3944 1.6989023363967668
3945 1.6989023363967668
3946 1.6989023363967668
3947 1.6989023363967668
3948 1.6989023363967668
3949 1.6989023363967668
3950 1.6989023363967668
3951 1.6989023363967668
3952 1.6989023363967668
3953 1.6989023363967668
3954 1.6989023363967668
3955 1.6989023363967668
3956 1.6989023363967668
3957 1.6989023363967668
3958 1.6989023363967668
3959 1.6989023363967668
3960 1.6989023363967668
3961 1.6989023363967668
3962 1.6989023363967668
3963 1.6989023363967668
3964 1.6989023363967668
3965 1.6989023363967668
3966 1.6989023363967668
3967 1.6989023363967668
3968 1.6989023363967668
3969 1.6989023363967668
3970 1.6989023363967668
3971 1.6989023363967668
3972 1.6989023363967668
3973 1.6989023363967668
3974 1.6989023363967668
3975 1.6989023363967668
3976 1.6989023363967668
3977 1.6989023363967668
3978 1.6989023363967668
3979 1.6989023363967668
3980 1.6989023363967668
3981 1.6989023363967668
3982 1.6989023363967668
3983 1.6989023363967668
3984 1.6989023363967668
3985 1.6989023363967668
3986 1.6989023363967668
3987 1.6989023363967668
3988 1.6989023363967668
3989 1.6989023363967668
3990 1.6989023363967668
3991 1.6989023363967668
3992 1.6989023363967668
3993 1.6989023363967668
3994 1.6989023363967668
3995 1.6989023363967668
3996 1.6989023363967668
3997 1.6989023363967668
3998 1.6989023363967668
3999 1.6989023363967668
# RMSE 0.3702081326990687
