-9.959919839679358	1.0708751929751186	0.0700062801190553	
-9.839679358717435	1.0708298367054931	0.16604894348069293	
-9.599198396793588	1.0711222122360002	0.9016258168426271	
-9.478957915831664	1.071772828565858	0.9829746651726912	
-9.39879759519038	1.0725781320420373	0.34002275940649407	
-9.318637274549099	1.07382630166179	0.9840539763176509	
-9.198396793587175	1.0768982284157906	1.2766853712792527	
-9.118236472945892	1.0800585823552673	0.5311475344378664	
-8.917835671342685	1.0938982249310325	0.6766295284404962	
-8.877755511022045	1.0980251605712532	1.535248945698195	
-8.797595190380761	1.1080276358372831	0.9373056720123663	
-8.75751503006012	1.1140089756594942	1.0896558233570373	
-8.637274549098196	1.136526433970563	0.5247627082657531	
-8.597194388777556	1.1457378517097758	1.126302495180764	
-8.236472945891784	1.2759272906737509	1.1273383897320906	
-8.196392785571142	1.2961552216936083	1.224139269522715	
-7.915831663326653	1.468056460826686	1.6002061879215135	
-7.7955911823647295	1.5540628399864622	1.5612523360977226	
-7.595190380761523	1.701920497818781	1.7566356711382463	
-7.555110220440882	1.7307523954904982	1.8382155426384996	
-7.515030060120241	1.7589428167750212	1.3399434537661872	
-7.394789579158317	1.837987038023475	1.9339852603625822	
-7.274549098196393	1.9054984296023343	1.8755545493165906	
-7.114228456913828	1.9719711758732679	1.8921072949641262	
-6.953907815631263	2.008354498746134	2.097503581656682	
-6.6332665330661325	2.0057863581398445	1.9140538121982804	
-6.3927855711422845	1.981260236873117	1.7406254871206315	
-6.112224448897796	1.994932699286626	1.9527911620205995	
-6.072144288577155	2.0032837951417175	1.7520683646698876	
-6.032064128256513	2.01336705120907	1.5941311919484091	
-5.871743486973948	2.0698019933632716	1.9263299578275717	
-5.591182364729459	2.206667790306142	2.908042258700897	
-5.430861723446894	2.2812607461058523	2.741476653799207	
-5.31062124248497	2.32337216206262	2.7712018994348413	
-5.070140280561122	2.3525460221913317	3.116758604111463	
-5.030060120240481	2.349486043538847	2.6710375875326147	
-4.709418837675351	2.255169268402618	3.171532176265218	
-4.589178356713427	2.198185268604527	2.9328129404228616	
-4.388777555110221	2.095904720175971	2.65258144432062	
-4.348697394789579	2.07564091487935	1.774454889042552	
-4.308617234468938	2.05567355554651	1.639879613184025	
-4.148296593186373	1.9796522770313185	2.0907722013762173	
-4.028056112224449	1.926723112868697	1.694484910769494	
-3.947895791583167	1.8928276125631092	1.6971458645859383	
-3.7875751503006017	1.8259546015368362	1.6702415537149777	
-3.707414829659319	1.79181889519567	1.847257809774264	
-3.5871743486973955	1.7383815992341414	1.7921966461186911	
-3.466933867735471	1.6814413472884584	1.5952102166864384	
-3.42685370741483	1.661636010892927	2.4183458865425282	
-3.266533066132265	1.57878784577509	1.9157737274190947	
-3.1062124248496996	1.492164890240989	1.9479824401068264	
-2.825651302605211	1.3415590880061687	2.3570246552458567	
-2.785571142284569	1.3208266973290745	1.890195455691038	
-2.745490981963928	1.3003540748087656	2.1086008772950717	
-2.6653306613226455	1.2601788716756128	1.616336980221619	
-2.6252505010020046	1.2404490991590855	1.9943635551774188	
-2.304609218436874	1.086342508281092	1.2464052778342924	
-2.264529058116233	1.0667521629028394	1.5055136409537593	
-2.1843687374749505	1.0267113417409433	1.1830058612600296	
-2.104208416833668	0.985187512301752	1.1364758990008577	
-2.064128256513026	0.9637697168227095	0.7785546090863548	
-1.9438877755511026	0.8966497907025548	1.0239306810123892	
-1.8637274549098208	0.8495630337368716	0.8637897915944812	
-1.823647294589179	0.825408290165651	0.4498989009216694	
-1.7034068136272555	0.7512869467152175	0.17070991945118286	
-1.6633266533066138	0.7263400883909115	1.006479915865958	
-1.4228456913827667	0.5834542730237918	0.2857115359477863	
-1.382765531062125	0.5622919130500864	0.271868400626266	
-1.0220440881763526	0.4463737957000605	0.44899733591535024	
-0.8617234468937873	0.45192035784527673	0.3528783166340599	
-0.6212424849699403	0.5263109680427922	0.7732096604628234	
-0.5811623246492985	0.5447199912522769	1.274869897001413	
-0.5010020040080168	0.5848156629506146	0.9262660834469747	
-0.22044088176352794	0.7322810250297618	0.8357745852120466	
-0.18036072144288617	0.7507282743703807	0.7856403910853035	
-0.1402805611222444	0.7677802698657272	0.8098834009786445	
-0.020040080160320883	0.8085350899517441	1.1388470896754446	
0.060120240480960874	0.8253742426144847	1.3557540246232116	
0.1402805611222444	0.832835330188525	0.8188850717329199	
0.18036072144288617	0.8328762260302528	1.0744919235791632	
0.22044088176352616	0.8304165639027284	1.2074178163043496	
0.26052104208416793	0.8254576372607381	0.6648181174848726	
0.38076152304609145	0.7959673442000239	0.060405654298559375	
0.460921843687375	0.7649159976954616	0.23042816947035494	
0.501002004008015	0.7463202955109547	0.32107757918694707	
0.6212424849699403	0.6801343238397851	0.9081893833046708	
0.7815631262525038	0.5747465010088357	0.47089042625330635	
1.5030060120240485	0.1943274273913269	0.2132771024639926	
1.5831663326653302	0.18430230445900453	-0.10039562255417835	
1.7434869739478955	0.1855416366653031	0.44159417805989476	
1.9839679358717426	0.22702887921516124	0.6875416619999721	
2.0240480961923843	0.23667919397268744	-0.37513536577415796	
2.064128256513026	0.24667657573755553	-0.011839405084374244	
2.1843687374749496	0.2771179120028078	0.12920749909076734	
2.2645290581162314	0.296216629572835	0.0020059341734830023	
2.3847695390781567	0.32019383042401606	-0.13072027664015778	
2.54509018036072	0.3384099246722535	0.36727208894476326	
2.7054108216432855	0.3357897248821926	-0.5305083487331351	
2.865731462925851	0.3096227062703335	-0.2643756332568808	
3.1462925851703396	0.21232060944804365	0.05795095623484777	
3.1863727454909814	0.19454658326042973	-0.3897095976647804	
3.226452905811623	0.17624307213765367	-0.27170056434386236	
3.266533066132263	0.15759379591098466	-0.1496853879735824	
3.4268537074148284	0.08359487144043509	0.16219937607832557	
3.46693386773547	0.06632300811251901	-0.14239410936802446	
4.06813627254509	0.016479699782590895	-0.08449384894397127	
4.188376753507013	0.06767926084511422	-0.09999141371433397	
4.228456913827655	0.08865683898550392	-0.2951421709800188	
4.468937875751502	0.2417379184955496	0.5185333883900403	
4.589178356713425	0.32542521600631724	-0.20796381217799254	
4.709418837675351	0.4058026510457806	0.013053125922204457	
4.749498997995991	0.4309847136371674	0.44560182331263853	
4.869739478957916	0.4997743083601047	0.07414792748470846	
5.070140280561121	0.5879876344241464	0.7870788947171988	
5.150300601202405	0.6140720745533761	0.41460053759681126	
5.190380761523045	0.6253988139889431	-0.21867180979978879	
5.230460921843687	0.6357232743455519	-0.134563784853432	
5.511022044088175	0.6914507188585327	0.2403443774240295	
5.671342685370741	0.7234167372223802	-0.1113002554442371	
5.911823647294588	0.7930696567627921	0.5694869552897014	
6.072144288577153	0.8598887023157433	0.5010727087500654	
6.553106212424851	1.1355699052737442	1.5152065608950656	
6.593186372745489	1.1600404841758505	1.6274408073593212	
6.633266533066131	1.184156835482876	1.618386949012248	
6.8336673346693395	1.2949794805189851	1.516375006383258	
6.953907815631261	1.3495292925842763	1.5517271947335511	
7.034068136272545	1.379336748784607	1.5865904634680863	
7.074148296593187	1.3920646229198204	2.0823983617612867	
7.1543086172344665	1.4129317179575451	2.6656071960034375	
7.194388777555108	1.4210113683146037	1.9371220556008057	
7.314629258517034	1.4357303214149266	1.7161010930322114	
7.515030060120239	1.4299433418516385	1.9406178222604717	
7.635270541082164	1.410699401134027	1.5094218918750297	
7.8356713426853695	1.3597793336425017	1.0083956347292269	
7.875751503006011	1.347671236126165	0.9373388061954295	
8.076152304609217	1.2829828655619901	0.8093925969181232	
8.236472945891784	1.2313561914726838	0.9873998550846532	
8.276553106212425	1.21903360889091	0.9629534808923417	
8.356713426853705	1.195415011476996	0.8777404127309233	
8.436873747494989	1.1733647448628872	1.3761647451463146	
8.47695390781563	1.1629765007133845	1.1344157304198945	
8.557114228456914	1.1435160173778467	1.1186801368739256	
8.637274549098194	1.1258035294370645	1.1710015873643145	
8.75751503006012	1.1023481160189186	1.408934088148325	
8.917835671342683	1.0761858991054214	0.7400977346367502	
8.957915831663325	1.070427814901018	1.1159838275626077	
9.118236472945892	1.0499695433648617	0.4416878463037549	
9.67935871743487	1.0041102596370923	0.5971887296759596	
9.879759519038075	0.9980170614969257	0.20838806378657276	
10.0	0.9973937356442197	0.319267305154818	
