-10.0	0.4169879727659571	0.21698797276595713	
-9.959919839679358	0.4314058379914949	0.23140583799149492	
-9.839679358717435	0.4953178752779228	0.29531787527792286	
-9.719438877755511	0.586622006506407	0.386622006506407	
-9.438877755511022	0.8598680421938516	0.6598680421938516	
-9.358717434869739	0.9392130690932953	0.7392130690932953	
-9.318637274549099	0.9770581979792011	0.7770581979792012	
-9.278557114228457	1.0131969439211754	0.8131969439211755	
-9.158316633266534	1.1083006412590573	0.9083006412590572	
-9.07815631262525	1.1582847643895118	0.9582847643895117	
-8.917835671342685	1.2222049793062753	1.022204979306275	
-8.637274549098196	1.2352316026499812	1.035231602649981	
-8.517034068136272	1.2211319114501733	1.0211319114501731	
-8.47695390781563	1.216467345661504	1.0164673456615039	
-8.276553106212425	1.2097322464043678	1.0097322464043677	
-8.196392785571142	1.2204414760246884	1.0204414760246883	
-7.7955911823647295	1.4345967908373014	1.2345967908373012	
-7.715430861723447	1.505677046598823	1.3056770465988228	
-7.635270541082164	1.5819790470986066	1.3819790470986064	
-7.555110220440882	1.6608017808113673	1.4608017808113671	
-7.434869739478958	1.777382677728842	1.5773826777288418	
-7.394789579158317	1.814329225902228	1.6143292259022277	
-7.314629258517034	1.8832457309172734	1.6832457309172733	
-7.19438877755511	1.9695871063170656	1.7695871063170654	
-7.154308617234469	1.9928081038188232	1.792808103818823	
-7.114228456913828	2.0129321023125004	1.8129321023125002	
-6.993987975951904	2.0536926511165983	1.853692651116598	
-6.913827655310621	2.0643476140239674	1.8643476140239672	
-6.8737474949899795	2.064934374954865	1.864934374954865	
-6.833667334669339	2.0625763053143946	1.8625763053143944	
-6.753507014028056	2.0499713388666008	1.8499713388666006	
-6.713426853707415	2.0403138834517835	1.8403138834517834	
-6.593186372745491	2.002319471208397	1.802319471208397	
-6.55310621242485	1.9880652204514986	1.7880652204514984	
-6.152304609218437	1.9228994481338484	1.7228994481338482	
-5.871743486973948	2.093525240944587	1.8935252409445869	
-5.671342685370742	2.341188780837336	2.1411887808373358	
-5.631262525050101	2.3992503930974434	2.199250393097443	
-5.591182364729459	2.4589007758756516	2.2589007758756514	
-5.511022044088176	2.5803901808142156	2.3803901808142154	
-5.470941883767535	2.6408626930606265	2.4408626930606263	
-5.390781563126253	2.757716799061705	2.557716799061705	
-5.2304609218436875	2.9554443888622055	2.7554443888622053	
-5.190380761523047	2.993592753115585	2.793592753115585	
-5.110220440881764	3.052538107847284	2.852538107847284	
-4.98997995991984	3.091977504018997	2.891977504018997	
-4.869739478957916	3.068288684649131	2.868288684649131	
-4.5490981963927855	2.733406048773509	2.5334060487735086	
-3.907815631262525	1.8866523614006745	1.6866523614006743	
-3.707414829659319	1.8311136436206688	1.6311136436206686	
-3.6673346693386772	1.8337523466006342	1.633752346600634	
-3.5871743486973955	1.8500750804059494	1.6500750804059492	
-3.466933867735471	1.8950015022509832	1.695001502250983	
-3.42685370741483	1.913272810866007	1.713272810866007	
-3.306613226452906	1.96982654565985	1.7698265456598499	
-3.226452905811623	2.003133196217073	1.8031331962170727	
-2.825651302605211	1.975757816451898	1.775757816451898	
-2.7054108216432873	1.8812048604178446	1.6812048604178444	
-2.344689378757515	1.410008064019805	1.2100080640198048	
-2.264529058116233	1.2879498398488527	1.0879498398488525	
-2.1442885771543088	1.108884304680313	0.9088843046803129	
-2.064128256513026	0.996741130054464	0.796741130054464	
-2.0240480961923852	0.9438124800990657	0.7438124800990658	
-1.9038076152304608	0.8004767922415407	0.6004767922415407	
-1.7434869739478955	0.650943384426166	0.450943384426166	
-1.6633266533066138	0.5952471621881519	0.3952471621881518	
-1.3026052104208414	0.4976504170013748	0.29765041700137485	
-0.9819639278557126	0.5953779617697921	0.3953779617697921	
-0.9018036072144291	0.6411686535507067	0.4411686535507068	
-0.6212424849699403	0.8381755938970973	0.6381755938970973	
-0.5410821643286585	0.8969461072384788	0.6969461072384788	
-0.3006012024048097	1.0475634414076296	0.8475634414076295	
-0.1402805611222444	1.107745836566682	0.9077458365666818	
-0.020040080160320883	1.1245042575706368	0.9245042575706367	
0.1402805611222444	1.1065042122652735	0.9065042122652734	
0.22044088176352616	1.080872051284982	0.880872051284982	
0.26052104208416793	1.064228688246006	0.8642286882460058	
0.460921843687375	0.9486891284256931	0.7486891284256931	
0.501002004008015	0.9203678289700231	0.7203678289700232	
0.5410821643286567	0.8907714328085848	0.6907714328085849	
0.7414829659318638	0.7311775193899086	0.5311775193899086	
0.8216432865731456	0.6659694036392803	0.4659694036392803	
0.9018036072144291	0.6025000632520517	0.4025000632520518	
0.9418837675350691	0.5719017927227695	0.3719017927227696	
1.0220440881763526	0.5138498312575112	0.3138498312575112	
1.3827655310621232	0.3272999410839914	0.12729994108399142	
1.4629258517034067	0.30437148887066257	0.10437148887066258	
1.7434869739478955	0.26382888729061427	0.06382888729061428	
1.8236472945891773	0.25850687520984195	0.05850687520984196	
1.9438877755511026	0.25065238097334275	0.050652380973342764	
2.144288577154308	0.22875627782453803	0.028756277824538018	
2.4248496993987967	0.16682995595327446	-0.03317004404672555	
2.6252505010020037	0.10556312749700239	-0.09443687250299762	
2.9458917835671343	0.009002126703977292	-0.19099787329602272	
3.066132264529058	-0.019710445416574823	-0.21971044541657483	
3.1462925851703396	-0.035438476961210136	-0.23543847696121015	
3.1863727454909814	-0.04216461897147125	-0.24216461897147126	
3.226452905811623	-0.048083566566788666	-0.24808356656678868	
3.6673346693386772	-0.048111173564280046	-0.24811117356428006	
3.747494989979959	-0.03293286467286902	-0.23293286467286903	
3.7875751503006008	-0.023470014239528297	-0.2234700142395283	
3.8677354709418825	-0.0009752609191277795	-0.2009752609191278	
3.947895791583166	0.025800875026297715	-0.1741991249737023	
3.987975951903808	0.04053328979895923	-0.15946671020104078	
4.108216432865731	0.08834280219491555	-0.11165719780508446	
4.148296593186371	0.10488485700178432	-0.09511514299821569	
4.268537074148297	0.15345926996931672	-0.04654073003068329	
4.5490981963927855	0.23461210238387623	0.034612102383876214	
4.589178356713425	0.2402253091507807	0.04022530915078068	
4.629258517034067	0.2441173986585963	0.04411739865859629	
4.829659318637274	0.23965859249789237	0.03965859249789236	
4.869739478957916	0.23490195663584904	0.034901956635849024	
5.070140280561121	0.20437498744916952	0.004374987449169504	
5.190380761523045	0.1914767815256148	-0.008523218474385225	
5.35070140280561	0.19793394688872037	-0.0020660531112796365	
5.551102204408817	0.26694707879719315	0.06694707879719317	
5.831663326653306	0.5077970400507289	0.30779704005072894	
5.871743486973948	0.5562454709501449	0.3562454709501449	
5.911823647294588	0.6079675004253816	0.40796750042538166	
5.9519038076152295	0.6628161210736102	0.46281612107361025	
6.112224448897795	0.9095539237004373	0.7095539237004374	
6.192384769539078	1.0457699990793832	0.8457699990793831	
6.312625250501	1.2587578324610653	1.0587578324610651	
6.392785571142284	1.4017583390064932	1.201758339006493	
6.593186372745489	1.7349070695089197	1.5349070695089195	
6.633266533066131	1.7932539163403174	1.5932539163403172	
6.673346693386772	1.8476460552656255	1.6476460552656254	
6.753507014028056	1.9426716156596302	1.74267161565963	
6.793587174348698	1.9824404608200854	1.7824404608200852	
6.953907815631261	2.0820316091630557	1.8820316091630556	
7.034068136272545	2.0933870111469597	1.8933870111469595	
7.23446893787575	2.0117618232901204	1.8117618232901203	
7.755511022044086	1.4163091549399514	1.2163091549399512	
7.955911823647295	1.249358885861536	1.049358885861536	
7.9959919839679365	1.2282049075689367	1.0282049075689366	
8.196392785571142	1.1825641185921865	0.9825641185921864	
8.236472945891784	1.1837111525112631	0.9837111525112631	
8.47695390781563	1.227706625500426	1.027706625500426	
8.517034068136272	1.2366707665041048	1.0366707665041046	
8.637274549098194	1.2571453582673586	1.0571453582673584	
8.717434869739478	1.2617955387106226	1.0617955387106224	
8.877755511022045	1.2407794178129328	1.0407794178129326	
8.997995991983966	1.1958840364521888	0.9958840364521887	
9.278557114228455	1.0104648404637508	0.8104648404637508	
9.438877755511022	0.8775837695920118	0.6775837695920118	
9.478957915831664	0.8440467061221328	0.6440467061221329	
9.559118236472944	0.7784641419564112	0.5784641419564113	
9.759519038076153	0.6340377461795382	0.4340377461795383	
9.839679358717433	0.5881286176367823	0.3881286176367823	
9.919839679358716	0.5507299059661118	0.35072990596611187	
