-9.919839679358718	0.30425507636660154	0.21393696412334592	
-9.639278557114228	0.6237107226895797	0.4254915488363302	
-9.599198396793588	0.6749177405022949	0.9016258168426271	
-9.278557114228457	1.031648891732157	1.0526287445695044	
-9.238476953907815	1.0629212541294015	0.8747012988067632	
-9.118236472945892	1.1324687488952074	0.5311475344378664	
-8.917835671342685	1.1686991085808671	0.6766295284404962	
-8.677354709418838	1.1197298255046297	1.1472413327029096	
-8.236472945891784	1.057334552424665	1.1273383897320906	
-8.036072144288577	1.1339572856628148	1.2880091747243478	
-7.875751503006012	1.2496779673176266	0.9721977512769905	
-7.675350701402806	1.443019746959105	1.5380550299257085	
-7.555110220440882	1.5707536523319818	1.8382155426384996	
-7.474949899799599	1.6549424279515874	1.9128252741259195	
-7.274549098196393	1.840963929184757	1.8755545493165906	
-7.19438877755511	1.8987458267092037	1.9281511976904693	
-6.993987975951904	1.9857501171541752	1.8760219616163258	
-6.8737474949899795	1.996094373662606	2.17776935451838	
-6.833667334669339	1.9931010467383903	2.5097395800712707	
-6.432865731462925	1.8733571112065754	2.2383453103458315	
-6.352705410821644	1.854476121070424	1.6594971514936094	
-6.112224448897796	1.8743934247565326	1.9527911620205995	
-5.871743486973948	2.041391383805946	1.9263299578275717	
-5.751503006012024	2.1725733150531954	2.41282031248297	
-5.631262525050101	2.32093346819711	2.8619318897892962	
-5.591182364729459	2.371647596939854	2.908042258700897	
-5.390781563126253	2.608431268233991	2.8575706463648296	
-5.070140280561122	2.811462185543473	3.116758604111463	
-4.7494989979959925	2.704375714735334	3.023002365756099	
-4.589178356713427	2.555501708281024	2.9328129404228616	
-4.428857715430862	2.373405497589938	2.255022160288506	
-4.228456913827656	2.139207945864686	2.181584836938472	
-4.188376753507014	2.0953842718153415	1.8929911586887713	
-4.148296593186373	2.053380811766289	2.0907722013762173	
-4.028056112224449	1.9412744500684844	1.694484910769494	
-3.947895791583167	1.880666930750335	1.6971458645859383	
-3.6272545090180364	1.775993578523932	1.2319286855976526	
-3.3867735470941884	1.8301164978631097	2.0801016320934207	
-3.3466933867735476	1.8457173007281749	2.4390030853422893	
-3.306613226452906	1.8620270975387654	1.8119533920026916	
-3.266533066132265	1.8785284053486588	1.9157737274190947	
-3.226452905811623	1.8946817191471368	2.336593999024933	
-3.1863727454909823	1.909933697383285	1.6686245279064738	
-2.9058116232464934	1.9464215635240876	2.271175462734526	
-2.785571142284569	1.9002365925144773	1.890195455691038	
-2.745490981963928	1.874590087067741	2.1086008772950717	
-2.7054108216432873	1.8437248848181769	1.5949864725976561	
-2.6653306613226455	1.8077081374544004	1.616336980221619	
-2.585170340681363	1.720893128584297	1.8387394763443201	
-2.4248496993987976	1.4969612890581947	1.008496886216112	
-2.344689378757515	1.3670298795413494	0.9823978242001277	
-2.104208416833668	0.9587769625202014	1.1364758990008577	
-2.064128256513026	0.8938504606716081	0.7785546090863548	
-1.9438877755511026	0.7136423976951609	1.0239306810123892	
-1.8637274549098208	0.6088481476295993	0.8637897915944812	
-1.7835671342685373	0.5183325079664632	0.5903542277195571	
-1.7034068136272555	0.4429276023422539	0.17070991945118286	
-1.6633266533066138	0.4109705585575476	1.006479915865958	
-1.623246492985972	0.38281989532261884	0.7216144119933798	
-1.382765531062125	0.2901202459586619	0.271868400626266	
-1.3026052104208414	0.28616760104926176	0.7356270826652942	
-1.1022044088176361	0.3284842345452281	-0.03758628810658737	
-0.9819639278557126	0.3858711455404109	0.5709025267389016	
-0.9418837675350709	0.4096065511543244	0.6826496294341452	
-0.8216432865731473	0.4921764051496238	0.6334867369028817	
-0.7414829659318638	0.5544062385587063	0.6688797860451299	
-0.5811623246492985	0.6858691499923122	1.274869897001413	
-0.4208416833667332	0.8092189129175739	1.1372997708192112	
-0.3006012024048097	0.8842494437954466	0.23183167884832756	
-0.26052104208416793	0.9045660515947916	1.0003499360710226	
-0.18036072144288617	0.9371357101179701	0.7856403910853035	
-0.1402805611222444	0.9491901543047495	0.8098834009786445	
-0.10020040080160442	0.9583619704569456	1.03270616657162	
-0.020040080160320883	0.9681131541359648	1.1388470896754446	
0.020040080160320883	0.968812158442411	1.066206013737284	
0.26052104208416793	0.9225579481121637	0.6648181174848726	
0.3406813627254497	0.8919100785412928	1.271337833721736	
0.7414829659318638	0.6756654114989494	0.8592166658007738	
0.9018036072144291	0.5707818454037449	0.8938574307664865	
1.0220440881763526	0.48835261488020165	0.18919738891516297	
1.1422845691382761	0.40554990584373896	0.3727817812395856	
1.2625250501001997	0.3262317872427172	0.4093566586947751	
1.422845691382765	0.2337325622352362	0.4620325974665218	
1.5831663326653302	0.16497042064291345	-0.10039562255417835	
1.623246492985972	0.15214703383240746	0.31239630749713215	
1.663326653306612	0.14110253382573068	0.5916896111259424	
1.7034068136272538	0.1317954757657508	0.3193279281503887	
1.7434869739478955	0.12415151967307814	0.44159417805989476	
1.9839679358717426	0.10546121035870726	0.6875416619999721	
2.0240480961923843	0.1051415864370906	-0.37513536577415796	
2.144288577154308	0.10476287101901305	-0.2683638949869325	
2.2645290581162314	0.10127335451139563	0.0020059341734830023	
2.54509018036072	0.06525471312616826	0.36727208894476326	
2.7054108216432855	0.02958456349865768	-0.5305083487331351	
2.825651302605209	0.00181902517598298	-0.17354471874339997	
2.865731462925851	-0.006750153187790597	-0.2643756332568808	
2.9859719438877743	-0.028351636476954933	0.0332614138330874	
3.1462925851703396	-0.0439444663546148	0.05795095623484777	
3.266533066132263	-0.044509539302889256	-0.1496853879735824	
3.306613226452905	-0.04271716084165467	-0.32650459558269196	
3.3466933867735467	-0.04004625555336039	-0.28612164184928496	
3.3867735470941884	-0.03658302668543756	-0.04941960778515595	
3.507014028056112	-0.02240465666842495	0.6616886013938302	
3.6272545090180355	-0.004623255939169901	-0.2670376531942682	
3.7074148296593172	0.00803004815758035	-0.3647776252192326	
3.7875751503006008	0.020661846509951287	-0.31153079300436975	
3.947895791583166	0.04440551851368346	-0.5110667214205813	
4.108216432865731	0.06482523932020157	0.1385063799443919	
4.188376753507013	0.07350859399174381	-0.09999141371433397	
4.308617234468937	0.08431466835212764	0.27518318154650556	
4.348697394789578	0.08725746098954956	0.3224004763843728	
4.468937875751502	0.09387688230041824	0.5185333883900403	
4.509018036072144	0.09531015451006297	-0.21212319680416586	
4.669338677354709	0.09728970419250837	0.4372255655814802	
4.749498997995991	0.09645324694995361	0.44560182331263853	
4.829659318637274	0.09504820904165756	-0.20383425712749825	
5.070140280561121	0.0962851057951346	0.7870788947171988	
5.190380761523045	0.1072671072439193	-0.21867180979978879	
5.390781563126252	0.15635140880933351	0.027491134555002905	
5.591182364729459	0.25957042813452824	0.22133732740121215	
5.631262525050099	0.28787050546583093	0.729380626990257	
5.671342685370741	0.31886790010971433	-0.1113002554442371	
5.831663326653306	0.4701572203084673	0.5461233555420066	
5.871743486973948	0.514725164297585	0.7833519763060453	
6.192384769539078	0.9541613091656018	0.755012288319197	
6.312625250501	1.144092166864417	0.7302168320806967	
6.553106212424851	1.5152628706239448	1.5152065608950656	
6.593186372745489	1.5708474808916768	1.6274408073593212	
6.633266533066131	1.623362039079694	1.618386949012248	
6.673346693386772	1.6723291020464317	1.4103187591203523	
6.9138276553106195	1.8678938663911173	2.108480428507322	
7.114228456913828	1.8722166914963738	1.8802879774679648	
7.394789579158317	1.6503644002519327	1.2318684708699892	
7.434869739478959	1.6041177083399552	1.7561603297074757	
7.474949899799597	1.556081427338302	2.0566210812349293	
7.555110220440881	1.4574038693916473	1.5606687542288407	
7.715430861723448	1.2683701711829656	1.3206316104073574	
7.755511022044086	1.226356124050228	1.498182910668293	
7.915831663326653	1.092395735115026	1.4614245268371022	
8.677354709418836	1.055913855741814	1.2902321458167356	
8.75751503006012	1.0489714648598716	1.408934088148325	
8.917835671342683	1.0068397602673715	0.7400977346367502	
8.997995991983966	0.9723255338683429	0.9942661295455745	
9.198396793587175	0.857296932543142	0.9186494148932052	
9.39879759519038	0.7242707876528379	0.954799395604245	
9.478957915831664	0.6723509280600524	0.9824266752743669	
9.519038076152302	0.647425000461104	0.4819046913283659	
9.559118236472944	0.6233937149116899	0.8507657857337718	
9.67935871743487	0.5579331757457298	0.5971887296759596	
9.759519038076153	0.5208382656545335	0.5576304719564115	
