-9.799599198396793	1.0932388593752878	0.7123903603470841	
-9.67935871743487	1.0945372963104991	0.3846843814239891	
-9.639278557114228	1.0951121341584615	0.4254915488363302	
-9.559118236472946	1.096464337631599	0.5392108879538005	
-9.318637274549099	1.102042676646957	0.9840539763176509	
-9.118236472945892	1.108493351796858	0.5311475344378664	
-8.997995991983968	1.1133821436992857	1.5210384423361003	
-8.75751503006012	1.1267709287052379	1.0896558233570373	
-8.677354709418838	1.132771923010038	1.1472413327029096	
-8.597194388777556	1.1398058965403504	1.126302495180764	
-8.557114228456914	1.1437654662355738	0.8146521510503405	
-8.517034068136272	1.1480503170531315	1.3079360473955148	
-8.356713426853707	1.1688915306058756	1.223771092191488	
-8.316633266533067	1.175134016580711	1.4485926552398114	
-8.196392785571142	1.196634089627869	1.224139269522715	
-8.11623246492986	1.2134113086262284	0.3955662595039432	
-7.835671342685371	1.287884365443806	1.0905818173771678	
-7.675350701402806	1.3401279989506625	1.5380550299257085	
-7.515030060120241	1.396774335280705	1.3399434537661872	
-7.274549098196393	1.4829333252208972	1.8755545493165906	
-7.074148296593187	1.5492330421050817	1.7373341898560781	
-6.953907815631263	1.5853548230901964	2.097503581656682	
-6.913827655310621	1.5968866494727065	2.014069666810704	
-6.713426853707415	1.653745905287992	1.9488885973326742	
-6.55310621242485	1.7052118866605652	2.0377834105723283	
-6.432865731462925	1.753814067887016	2.2383453103458315	
-6.3927855711422845	1.7728688446746284	1.7406254871206315	
-6.032064128256513	2.038394844225072	1.5941311919484091	
-5.831663326653307	2.269287181781676	2.157836300734963	
-5.751503006012024	2.3753914428704297	2.41282031248297	
-5.470941883767535	2.766635651513911	2.4777006484095216	
-5.350701402805611	2.920085033586978	2.5758242284189414	
-5.270541082164329	3.0091972932494064	2.8369022353509665	
-5.2304609218436875	3.0486249511447805	2.6117351447720423	
-5.190380761523047	3.0841739271162774	2.593990458323369	
-5.030060120240481	3.1821808372371394	2.6710375875326147	
-4.869739478957916	3.201999652542487	2.640596796806218	
-4.7494989979959925	3.1652723229762394	3.023002365756099	
-4.709418837675351	3.143937440100787	3.171532176265218	
-3.987975951903808	2.3687265257935772	1.7839149146381788	
-3.947895791583167	2.323545610898158	1.6971458645859383	
-3.8677354709418843	2.2369023490182967	2.0827056219596365	
-3.8276553106212425	2.195569690275976	1.9690520241077398	
-3.7875751503006017	2.1556081855098457	1.6702415537149777	
-3.42685370741483	1.852979499769627	2.4183458865425282	
-3.3867735470941884	1.8244450500814007	2.0801016320934207	
-3.1462925851703414	1.6639037220802813	1.8420268954962564	
-3.0661322645290587	1.6119969952707305	1.5325759389538138	
-2.9058116232464934	1.50594778873305	2.271175462734526	
-2.785571142284569	1.421718311142183	1.890195455691038	
-2.585170340681363	1.2664882909383133	1.8387394763443201	
-2.545090180360722	1.232697404967339	1.917272664693681	
-2.50501002004008	1.197897301296865	1.0582909374005012	
-2.3847695390781567	1.087265573310146	1.807698370774501	
-2.344689378757515	1.0483088927451596	0.9823978242001277	
-2.0240480961923852	0.7056245253035056	1.069351585978908	
-1.9438877755511026	0.6150004871124946	1.0239306810123892	
-1.7034068136272555	0.35269446276565586	0.17070991945118286	
-1.5030060120240485	0.17205305289998307	0.5313578188675672	
-1.4228456913827667	0.11648687624200516	0.2857115359477863	
-1.382765531062125	0.093097643742591	0.271868400626266	
-1.182364729458918	0.025784919863619082	0.8738152588805214	
-0.7815631262525056	0.14630668949871928	-0.7192992600915666	
-0.701402805611222	0.20360847300645823	0.668620377424753	
-0.661322645290582	0.23497350882373702	0.7087841884092633	
-0.5410821643286585	0.336614926510609	1.0660370959893168	
-0.38076152304609323	0.47934674213080464	0.9268208339702685	
-0.22044088176352794	0.6152219003327952	0.8357745852120466	
-0.1402805611222444	0.676312858825135	0.8098834009786445	
-0.10020040080160442	0.704568176182541	1.03270616657162	
-0.06012024048096265	0.7311278878412859	1.4725999649671242	
-0.020040080160320883	0.7558896551332139	1.1388470896754446	
0.3006012024048097	0.882871297235043	0.6148239194221113	
0.38076152304609145	0.8946005600063506	0.060405654298559375	
0.460921843687375	0.8988423340226197	0.23042816947035494	
0.501002004008015	0.8983096474200272	0.32107757918694707	
0.6613226452905803	0.8802266752469802	0.8442700860063292	
0.701402805611222	0.872132926996207	0.34854307193283257	
0.9018036072144291	0.8147857037943282	0.8938574307664865	
0.9418837675350691	0.8006212089427799	1.0072144427533478	
1.0621242484969944	0.7545598829055258	0.6021364330491839	
1.1422845691382761	0.7219233430055699	0.3727817812395856	
1.8236472945891773	0.49893012795075864	0.149909245426383	
1.9038076152304608	0.48863726546473973	-0.26104200310041636	
2.50501002004008	0.4887491924486357	-0.11310026947114285	
2.54509018036072	0.4878262319490657	0.36727208894476326	
2.6252505010020037	0.4830791178351028	0.21124393652338763	
2.6653306613226455	0.4790154446688397	-0.431567215690656	
2.7454909819639273	0.4670201521776113	0.1059145951171051	
2.825651302605209	0.4494311821712369	-0.17354471874339997	
2.865731462925851	0.4384554560046645	-0.2643756332568808	
2.9058116232464926	0.4260277885875159	0.02142701916275675	
3.1462925851703396	0.3245786490905507	0.05795095623484777	
3.226452905811623	0.2835380933786992	-0.27170056434386236	
3.46693386773547	0.16107348071890915	-0.14239410936802446	
3.5871743486973937	0.11216776698625508	0.33459299701909384	
3.6673346693386772	0.08835189395545862	0.5773659640505509	
3.7074148296593172	0.07964572554529914	-0.3647776252192326	
3.8276553106212425	0.0679523838520888	0.3317178951958885	
3.947895791583166	0.07934752085947028	-0.5110667214205813	
4.06813627254509	0.11355888805704417	-0.08449384894397127	
4.148296593186371	0.14776842471173635	0.31595942990316694	
4.188376753507013	0.16782014701037562	-0.09999141371433397	
4.38877755511022	0.28900972946695436	0.3052427227416224	
4.428857715430862	0.3157523119190475	-0.0021033432728748596	
4.5490981963927855	0.39654371470270733	0.4502819230253606	
4.629258517034067	0.44857837050836835	0.700561155131547	
4.949899799599198	0.6131182538216591	-0.018144845505577184	
5.631262525050099	0.7398966808048294	0.729380626990257	
5.791583166332664	0.7768235132747447	1.1452982966463519	
5.9519038076152295	0.8348019928857268	0.2736706627129575	
6.072144288577153	0.8942838496523692	0.5010727087500654	
6.112224448897795	0.9171947251495708	0.971149887339766	
6.192384769539078	0.9674329281207386	0.755012288319197	
6.23246492985972	0.9946345978351439	1.142023125896337	
6.272545090180358	1.023115501827301	0.7123120883458532	
6.392785571142284	1.1151663144773374	1.278733686118694	
6.513026052104209	1.2143552298270588	1.3470181159911552	
6.553106212424851	1.248284723020943	1.5152065608950656	
6.633266533066131	1.316396994216948	1.618386949012248	
6.713426853707414	1.3836003887951922	1.6631929636917668	
6.753507014028056	1.416379731318783	1.6617006601027173	
6.8336673346693395	1.4793200371352908	1.516375006383258	
6.9138276553106195	1.5374930259352726	2.108480428507322	
7.034068136272545	1.612659519803307	1.5865904634680863	
7.515030060120239	1.7070007665969822	1.9406178222604717	
7.635270541082164	1.6751594693300926	1.5094218918750297	
7.755511022044086	1.6252185946616353	1.498182910668293	
7.795591182364728	1.6052604704302587	1.8334341872178928	
7.8356713426853695	1.5839301630030636	1.0083956347292269	
7.915831663326653	1.537860347818874	1.4614245268371022	
7.9959919839679365	1.4884170136140806	0.8306574133487854	
8.116232464929858	1.4108293479891936	1.1336051882403622	
8.316633266533067	1.2814380937220435	1.012453479989911	
8.436873747494989	1.2077566643419309	1.3761647451463146	
8.517034068136272	1.1609913229527673	1.0942584348273394	
8.557114228456914	1.1383307205725637	1.1186801368739256	
8.637274549098194	1.0943745325457546	1.1710015873643145	
8.717434869739478	1.0520502242765133	0.9988902096408652	
8.837675350701403	0.991015327449578	0.6946230120402213	
8.957915831663325	0.9321439793413142	1.1159838275626077	
9.038076152304608	0.8938340517450356	0.7627498743167618	
9.39879759519038	0.7349912927230899	0.954799395604245	
9.438877755511022	0.7198133369307077	0.17217394821279175	
9.478957915831664	0.7054247687917339	0.9824266752743669	
9.559118236472944	0.6793894712749668	0.8507657857337718	
9.719438877755511	0.6408006937690998	0.934965344979969	
9.759519038076153	0.634427341116214	0.5576304719564115	
9.839679358717433	0.6260363954215458	0.9601354782580944	
9.959919839679358	0.6248242018520834	0.05736718104333349	
