-9.799599198396793	2.0932388593752878	0.09323885937528775	
-9.67935871743487	2.094537296310499	0.09453729631049912	
-9.639278557114228	2.0951121341584615	0.09511213415846154	
-9.559118236472946	2.0964643376315992	0.096464337631599	
-9.318637274549099	2.102042676646957	0.1020426766469571	
-9.118236472945892	2.108493351796858	0.10849335179685804	
-8.997995991983968	2.113382143699286	0.11338214369928568	
-8.75751503006012	2.1267709287052377	0.12677092870523787	
-8.677354709418838	2.132771923010038	0.13277192301003793	
-8.597194388777556	2.1398058965403504	0.13980589654035036	
-8.557114228456914	2.143765466235574	0.14376546623557385	
-8.517034068136272	2.1480503170531318	0.14805031705313154	
-8.356713426853707	2.1688915306058756	0.16889153060587558	
-8.316633266533067	2.175134016580711	0.17513401658071093	
-8.196392785571142	2.196634089627869	0.1966340896278691	
-8.11623246492986	2.2134113086262284	0.21341130862622837	
-7.835671342685371	2.287884365443806	0.2878843654438059	
-7.675350701402806	2.3401279989506625	0.3401279989506625	
-7.515030060120241	2.396774335280705	0.39677433528070494	
-7.274549098196393	2.4829333252208974	0.48293332522089716	
-7.074148296593187	2.5492330421050817	0.5492330421050817	
-6.953907815631263	2.5853548230901966	0.5853548230901964	
-6.913827655310621	2.5968866494727063	0.5968866494727065	
-6.713426853707415	2.653745905287992	0.6537459052879919	
-6.55310621242485	2.7052118866605652	0.7052118866605652	
-6.432865731462925	2.753814067887016	0.753814067887016	
-6.3927855711422845	2.7728688446746284	0.7728688446746284	
-6.032064128256513	3.038394844225072	1.038394844225072	
-5.831663326653307	3.269287181781676	1.2692871817816762	
-5.751503006012024	3.3753914428704297	1.3753914428704297	
-5.470941883767535	3.766635651513911	1.7666356515139112	
-5.350701402805611	3.920085033586978	1.920085033586978	
-5.270541082164329	4.009197293249406	2.0091972932494064	
-5.2304609218436875	4.048624951144781	2.0486249511447805	
-5.190380761523047	4.084173927116277	2.0841739271162774	
-5.030060120240481	4.182180837237139	2.1821808372371394	
-4.869739478957916	4.2019996525424865	2.201999652542487	
-4.7494989979959925	4.165272322976239	2.1652723229762394	
-4.709418837675351	4.143937440100787	2.143937440100787	
-3.987975951903808	3.3687265257935772	1.3687265257935772	
-3.947895791583167	3.323545610898158	1.323545610898158	
-3.8677354709418843	3.2369023490182967	1.2369023490182967	
-3.8276553106212425	3.195569690275976	1.1955696902759758	
-3.7875751503006017	3.1556081855098457	1.1556081855098457	
-3.42685370741483	2.852979499769627	0.852979499769627	
-3.3867735470941884	2.8244450500814007	0.8244450500814007	
-3.1462925851703414	2.6639037220802813	0.6639037220802813	
-3.0661322645290587	2.6119969952707303	0.6119969952707305	
-2.9058116232464934	2.50594778873305	0.5059477887330499	
-2.785571142284569	2.421718311142183	0.42171831114218294	
-2.585170340681363	2.2664882909383133	0.2664882909383133	
-2.545090180360722	2.2326974049673387	0.23269740496733893	
-2.50501002004008	2.197897301296865	0.197897301296865	
-2.3847695390781567	2.087265573310146	0.08726557331014595	
-2.344689378757515	2.0483088927451596	0.04830889274515959	
-2.0240480961923852	1.7056245253035056	-0.2943754746964944	
-1.9438877755511026	1.6150004871124946	-0.38499951288750545	
-1.7034068136272555	1.3526944627656559	-0.6473055372343441	
-1.5030060120240485	1.172053052899983	-0.8279469471000169	
-1.4228456913827667	1.1164868762420053	-0.8835131237579948	
-1.382765531062125	1.093097643742591	-0.906902356257409	
-1.182364729458918	1.025784919863619	-0.9742150801363809	
-0.7815631262525056	1.1463066894987193	-0.8536933105012807	
-0.701402805611222	1.2036084730064582	-0.7963915269935418	
-0.661322645290582	1.234973508823737	-0.765026491176263	
-0.5410821643286585	1.336614926510609	-0.663385073489391	
-0.38076152304609323	1.4793467421308046	-0.5206532578691954	
-0.22044088176352794	1.6152219003327952	-0.3847780996672048	
-0.1402805611222444	1.676312858825135	-0.32368714117486497	
-0.10020040080160442	1.704568176182541	-0.295431823817459	
-0.06012024048096265	1.731127887841286	-0.2688721121587141	
-0.020040080160320883	1.755889655133214	-0.24411034486678607	
0.3006012024048097	1.882871297235043	-0.11712870276495702	
0.38076152304609145	1.8946005600063507	-0.10539943999364942	
0.460921843687375	1.8988423340226197	-0.1011576659773803	
0.501002004008015	1.8983096474200272	-0.10169035257997283	
0.6613226452905803	1.88022667524698	-0.11977332475301983	
0.701402805611222	1.872132926996207	-0.12786707300379296	
0.9018036072144291	1.8147857037943282	-0.18521429620567176	
0.9418837675350691	1.80062120894278	-0.19937879105722012	
1.0621242484969944	1.7545598829055258	-0.24544011709447422	
1.1422845691382761	1.72192334300557	-0.27807665699443007	
1.8236472945891773	1.4989301279507585	-0.5010698720492414	
1.9038076152304608	1.4886372654647397	-0.5113627345352603	
2.50501002004008	1.4887491924486356	-0.5112508075513643	
2.54509018036072	1.4878262319490658	-0.5121737680509343	
2.6252505010020037	1.4830791178351028	-0.5169208821648972	
2.6653306613226455	1.4790154446688397	-0.5209845553311603	
2.7454909819639273	1.4670201521776112	-0.5329798478223887	
2.825651302605209	1.449431182171237	-0.5505688178287631	
2.865731462925851	1.4384554560046645	-0.5615445439953355	
2.9058116232464926	1.4260277885875159	-0.5739722114124841	
3.1462925851703396	1.3245786490905507	-0.6754213509094493	
3.226452905811623	1.283538093378699	-0.7164619066213008	
3.46693386773547	1.1610734807189091	-0.8389265192810909	
3.5871743486973937	1.112167766986255	-0.8878322330137449	
3.6673346693386772	1.0883518939554586	-0.9116481060445414	
3.7074148296593172	1.0796457255452991	-0.9203542744547009	
3.8276553106212425	1.0679523838520888	-0.9320476161479112	
3.947895791583166	1.0793475208594703	-0.9206524791405297	
4.06813627254509	1.1135588880570442	-0.8864411119429558	
4.148296593186371	1.1477684247117363	-0.8522315752882637	
4.188376753507013	1.1678201470103757	-0.8321798529896244	
4.38877755511022	1.2890097294669545	-0.7109902705330456	
4.428857715430862	1.3157523119190475	-0.6842476880809525	
4.5490981963927855	1.3965437147027073	-0.6034562852972927	
4.629258517034067	1.4485783705083684	-0.5514216294916316	
4.949899799599198	1.613118253821659	-0.3868817461783409	
5.631262525050099	1.7398966808048293	-0.2601033191951706	
5.791583166332664	1.7768235132747447	-0.22317648672525525	
5.9519038076152295	1.8348019928857267	-0.16519800711427324	
6.072144288577153	1.894283849652369	-0.10571615034763082	
6.112224448897795	1.917194725149571	-0.08280527485042921	
6.192384769539078	1.9674329281207386	-0.032567071879261444	
6.23246492985972	1.9946345978351439	-0.005365402164856148	
6.272545090180358	2.0231155018273013	0.023115501827301044	
6.392785571142284	2.1151663144773374	0.11516631447733738	
6.513026052104209	2.214355229827059	0.2143552298270588	
6.553106212424851	2.248284723020943	0.24828472302094307	
6.633266533066131	2.316396994216948	0.316396994216948	
6.713426853707414	2.383600388795192	0.3836003887951922	
6.753507014028056	2.416379731318783	0.4163797313187829	
6.8336673346693395	2.479320037135291	0.4793200371352908	
6.9138276553106195	2.5374930259352726	0.5374930259352726	
7.034068136272545	2.612659519803307	0.6126595198033069	
7.515030060120239	2.707000766596982	0.7070007665969822	
7.635270541082164	2.675159469330093	0.6751594693300926	
7.755511022044086	2.6252185946616353	0.6252185946616353	
7.795591182364728	2.6052604704302587	0.6052604704302587	
7.8356713426853695	2.5839301630030636	0.5839301630030636	
7.915831663326653	2.537860347818874	0.5378603478188739	
7.9959919839679365	2.4884170136140806	0.48841701361408063	
8.116232464929858	2.4108293479891936	0.41082934798919357	
8.316633266533067	2.2814380937220435	0.28143809372204354	
8.436873747494989	2.2077566643419306	0.20775666434193085	
8.517034068136272	2.1609913229527673	0.1609913229527673	
8.557114228456914	2.1383307205725637	0.13833072057256368	
8.637274549098194	2.0943745325457543	0.09437453254575456	
8.717434869739478	2.0520502242765133	0.05205022427651329	
8.837675350701403	1.991015327449578	-0.008984672550422013	
8.957915831663325	1.9321439793413142	-0.06785602065868579	
9.038076152304608	1.8938340517450356	-0.10616594825496439	
9.39879759519038	1.73499129272309	-0.26500870727691006	
9.438877755511022	1.7198133369307076	-0.2801866630692923	
9.478957915831664	1.7054247687917339	-0.2945752312082661	
9.559118236472944	1.6793894712749668	-0.32061052872503315	
9.719438877755511	1.6408006937690998	-0.35919930623090024	
9.759519038076153	1.634427341116214	-0.365572658883786	
9.839679358717433	1.6260363954215458	-0.37396360457845423	
9.959919839679358	1.6248242018520833	-0.3751757981479166	
