-10.0	0.31698797276595714	0.2855711155515286	
-9.959919839679358	0.3314058379914949	0.0700062801190553	
-9.839679358717435	0.39531787527792284	0.16604894348069293	
-9.719438877755511	0.48662200650640697	1.2545841917166676	
-9.438877755511022	0.7598680421938516	1.0826163555483244	
-9.358717434869739	0.8392130690932953	1.146891077248703	
-9.318637274549099	0.8770581979792011	0.9840539763176509	
-9.278557114228457	0.9131969439211755	1.0526287445695044	
-9.158316633266534	1.0083006412590572	0.7829354847244568	
-9.07815631262525	1.0582847643895117	1.309130923506017	
-8.917835671342685	1.1222049793062752	0.6766295284404962	
-8.637274549098196	1.1352316026499811	0.5247627082657531	
-8.517034068136272	1.1211319114501732	1.3079360473955148	
-8.47695390781563	1.116467345661504	0.9230810466515599	
-8.276553106212425	1.1097322464043677	0.6505756133735339	
-8.196392785571142	1.1204414760246884	1.224139269522715	
-7.7955911823647295	1.3345967908373013	1.5612523360977226	
-7.715430861723447	1.4056770465988229	1.4082353508485912	
-7.635270541082164	1.4819790470986065	1.1655183557575683	
-7.555110220440882	1.5608017808113672	1.8382155426384996	
-7.434869739478958	1.6773826777288419	1.3973938515615112	
-7.394789579158317	1.7143292259022278	1.9339852603625822	
-7.314629258517034	1.7832457309172733	2.473303819556389	
-7.19438877755511	1.8695871063170655	1.9281511976904693	
-7.154308617234469	1.8928081038188231	2.4593472088023325	
-7.114228456913828	1.9129321023125003	1.8921072949641262	
-6.993987975951904	1.9536926511165982	1.8760219616163258	
-6.913827655310621	1.9643476140239673	2.014069666810704	
-6.8737474949899795	1.9649343749548651	2.17776935451838	
-6.833667334669339	1.9625763053143945	2.5097395800712707	
-6.753507014028056	1.9499713388666007	2.162838144097009	
-6.713426853707415	1.9403138834517835	1.9488885973326742	
-6.593186372745491	1.902319471208397	2.383531732014246	
-6.55310621242485	1.8880652204514985	2.0377834105723283	
-6.152304609218437	1.8228994481338483	2.1767887018910073	
-5.871743486973948	1.993525240944587	1.9263299578275717	
-5.671342685370742	2.241188780837336	2.4234363527285834	
-5.631262525050101	2.2992503930974433	2.8619318897892962	
-5.591182364729459	2.3589007758756515	2.908042258700897	
-5.511022044088176	2.4803901808142155	2.8158242899395995	
-5.470941883767535	2.5408626930606264	2.4777006484095216	
-5.390781563126253	2.657716799061705	2.8575706463648296	
-5.2304609218436875	2.8554443888622054	2.6117351447720423	
-5.190380761523047	2.893592753115585	2.593990458323369	
-5.110220440881764	2.952538107847284	3.6727239554011213	
-4.98997995991984	2.991977504018997	2.729184550191119	
-4.869739478957916	2.968288684649131	2.640596796806218	
-4.5490981963927855	2.6334060487735087	2.5991198170632193	
-3.907815631262525	1.7866523614006744	1.8667593758199863	
-3.707414829659319	1.7311136436206687	1.847257809774264	
-3.6673346693386772	1.7337523466006342	1.8567334756869927	
-3.5871743486973955	1.7500750804059493	1.7921966461186911	
-3.466933867735471	1.795001502250983	1.5952102166864384	
-3.42685370741483	1.813272810866007	2.4183458865425282	
-3.306613226452906	1.86982654565985	1.8119533920026916	
-3.226452905811623	1.9031331962170728	2.336593999024933	
-2.825651302605211	1.875757816451898	2.3570246552458567	
-2.7054108216432873	1.7812048604178445	1.5949864725976561	
-2.344689378757515	1.3100080640198049	0.9823978242001277	
-2.264529058116233	1.1879498398488526	1.5055136409537593	
-2.1442885771543088	1.0088843046803129	0.8938796788208496	
-2.064128256513026	0.896741130054464	0.7785546090863548	
-2.0240480961923852	0.8438124800990657	1.069351585978908	
-1.9038076152304608	0.7004767922415407	0.7037424266730621	
-1.7434869739478955	0.550943384426166	0.1817730014428518	
-1.6633266533066138	0.49524716218815185	1.006479915865958	
-1.3026052104208414	0.3976504170013748	0.7356270826652942	
-0.9819639278557126	0.4953779617697921	0.5709025267389016	
-0.9018036072144291	0.5411686535507068	0.2087806545027961	
-0.6212424849699403	0.7381755938970973	0.7732096604628234	
-0.5410821643286585	0.7969461072384788	1.0660370959893168	
-0.3006012024048097	0.9475634414076295	0.23183167884832756	
-0.1402805611222444	1.0077458365666818	0.8098834009786445	
-0.020040080160320883	1.0245042575706367	1.1388470896754446	
0.1402805611222444	1.0065042122652734	0.8188850717329199	
0.22044088176352616	0.980872051284982	1.2074178163043496	
0.26052104208416793	0.9642286882460058	0.6648181174848726	
0.460921843687375	0.8486891284256931	0.23042816947035494	
0.501002004008015	0.8203678289700231	0.32107757918694707	
0.5410821643286567	0.7907714328085849	0.6239242180141591	
0.7414829659318638	0.6311775193899086	0.8592166658007738	
0.8216432865731456	0.5659694036392803	1.2380249910695134	
0.9018036072144291	0.5025000632520518	0.8938574307664865	
0.9418837675350691	0.47190179272276955	1.0072144427533478	
1.0220440881763526	0.4138498312575112	0.18919738891516297	
1.3827655310621232	0.22729994108399143	-0.27282431646333016	
1.4629258517034067	0.2043714888706626	0.5827414010899152	
1.7434869739478955	0.1638288872906143	0.44159417805989476	
1.8236472945891773	0.15850687520984197	0.149909245426383	
1.9438877755511026	0.15065238097334277	-0.007935915648842062	
2.144288577154308	0.12875627782453802	-0.2683638949869325	
2.4248496993987967	0.06682995595327446	0.020786065337393994	
2.6252505010020037	0.005563127497002385	0.21124393652338763	
2.9458917835671343	-0.09099787329602271	0.0014275311256359605	
3.066132264529058	-0.11971044541657483	-0.16694499895975048	
3.1462925851703396	-0.13543847696121014	0.05795095623484777	
3.1863727454909814	-0.14216461897147126	-0.3897095976647804	
3.226452905811623	-0.14808356656678867	-0.27170056434386236	
3.6673346693386772	-0.14811117356428005	0.5773659640505509	
3.747494989979959	-0.13293286467286902	0.3727598706607118	
3.7875751503006008	-0.1234700142395283	-0.31153079300436975	
3.8677354709418825	-0.10097526091912779	-0.5710755703503716	
3.947895791583166	-0.07419912497370229	-0.5110667214205813	
3.987975951903808	-0.05946671020104077	-0.05409268514767003	
4.108216432865731	-0.011657197805084452	0.1385063799443919	
4.148296593186371	0.004884857001784315	0.31595942990316694	
4.268537074148297	0.053459269969316714	-0.01978560231819712	
4.5490981963927855	0.13461210238387622	0.4502819230253606	
4.589178356713425	0.14022530915078069	-0.20796381217799254	
4.629258517034067	0.1441173986585963	0.700561155131547	
4.829659318637274	0.13965859249789236	-0.20383425712749825	
4.869739478957916	0.13490195663584903	0.07414792748470846	
5.070140280561121	0.10437498744916951	0.7870788947171988	
5.190380761523045	0.09147678152561478	-0.21867180979978879	
5.35070140280561	0.09793394688872037	0.031077138392430412	
5.551102204408817	0.16694707879719317	0.6303443546274455	
5.831663326653306	0.4077970400507289	0.5461233555420066	
5.871743486973948	0.4562454709501449	0.7833519763060453	
5.911823647294588	0.5079675004253816	0.5694869552897014	
5.9519038076152295	0.5628161210736102	0.2736706627129575	
6.112224448897795	0.8095539237004373	0.971149887339766	
6.192384769539078	0.9457699990793831	0.755012288319197	
6.312625250501	1.1587578324610652	0.7302168320806967	
6.392785571142284	1.301758339006493	1.278733686118694	
6.593186372745489	1.6349070695089196	1.6274408073593212	
6.633266533066131	1.6932539163403173	1.618386949012248	
6.673346693386772	1.7476460552656254	1.4103187591203523	
6.753507014028056	1.8426716156596301	1.6617006601027173	
6.793587174348698	1.8824404608200853	1.9413035123435487	
6.953907815631261	1.9820316091630557	1.5517271947335511	
7.034068136272545	1.9933870111469596	1.5865904634680863	
7.23446893787575	1.9117618232901203	2.018296969060264	
7.755511022044086	1.3163091549399513	1.498182910668293	
7.955911823647295	1.149358885861536	1.1743489857598768	
7.9959919839679365	1.1282049075689367	0.8306574133487854	
8.196392785571142	1.0825641185921864	1.3765190537472405	
8.236472945891784	1.083711152511263	0.9873998550846532	
8.47695390781563	1.127706625500426	1.1344157304198945	
8.517034068136272	1.1366707665041047	1.0942584348273394	
8.637274549098194	1.1571453582673585	1.1710015873643145	
8.717434869739478	1.1617955387106225	0.9988902096408652	
8.877755511022045	1.1407794178129327	1.1603285030070627	
8.997995991983966	1.0958840364521887	0.9942661295455745	
9.278557114228455	0.9104648404637508	0.8595764189169893	
9.438877755511022	0.7775837695920118	0.17217394821279175	
9.478957915831664	0.7440467061221329	0.9824266752743669	
9.559118236472944	0.6784641419564112	0.8507657857337718	
9.759519038076153	0.5340377461795383	0.5576304719564115	
9.839679358717433	0.4881286176367823	0.9601354782580944	
9.919839679358716	0.45072990596611184	0.12093799806292055	
