0 -0.8381654509484399
1 -2.224582238216292
2 -2.2856174699725385
3 -2.685420718965384
4 -2.6839675005552444
5 -2.858412858045077
6 -2.878401841245952
7 -2.929906791913323
8 -2.9394641770248975
9 -3.1903534454721916
10 -3.4800237102834135
11 -3.871358276902556
12 -4.269108852775375
13 -4.305463015206819
14 -4.3085541348165854
15 -4.2986553460478785
16 -4.374475350723592
17 -4.364482348632225
18 -4.494758119466922
19 -4.493558176982275
20 -4.529509897561491
21 -4.587727207392263
22 -4.603308506695474
23 -4.668338085825234
24 -4.6396356085010755
25 -4.660994695989466
26 -4.66170129129848
27 -4.666916640796775
28 -4.666916640796775
29 -4.667683054411764
30 -4.667780082421889
31 -4.677443888561355
32 -4.7678221633091535
33 -4.767837354947128
34 -4.758714183749735
35 -4.785575622054216
36 -4.706420196655328
37 -4.764483118668428
38 -4.839121502274434
39 -4.84454934271341
40 -4.86185799825547
41 -4.87725341224665
42 -4.829839959712724
43 -5.1114472100825825
44 -5.111784753784807
45 -5.120066874144632
46 -5.136900925707204
47 -5.17631715444044
48 -5.226138358564451
49 -5.216156292960882
50 -5.213919501753994
51 -5.204618033964665
52 -5.249526504358348
53 -5.259531469563132
54 -5.648973577541772
55 -5.760694434891319
56 -5.766551461537359
57 -5.903666733445195
58 -5.893774084639585
59 -5.901889172991623
60 -6.0076323813290635
61 -6.0307486254388785
62 -6.0380761707517205
63 -6.135144104395415
64 -6.139835644932857
65 -6.185667556803143
66 -6.1884343251466145
67 -6.087489182806758
68 -6.089302975577488
69 -6.089302975577488
70 -6.091474481284352
71 -6.4793738411964865
72 -6.870825249013965
73 -7.106880761636058
74 -7.315962172100464
75 -7.326066679955857
76 -7.328565334472556
77 -7.395904454544585
78 -7.399745536532703
79 -7.400399794890169
80 -7.405365328059267
81 -7.399035954663857
82 -7.483606764958297
83 -7.484419643901312
84 -7.776735005134138
85 -7.777204975332225
86 -7.831920629697586
87 -7.832376799282801
88 -7.87914291421857
89 -7.902488577025468
90 -7.917002513635247
91 -7.959177656051582
92 -7.959177656051582
93 -7.9861856640995414
94 -7.997440651458833
95 -8.715166987427931
96 -8.787366134991533
97 -8.787366134991533
98 -8.811849722116005
99 -8.945652966461823
100 -8.93721410905558
101 -8.940408875653127
102 -9.046410959163236
103 -9.243854063517166
104 -9.54111789340934
105 -9.997515836771838
106 -10.012959693376072
107 -10.013536419878065
108 -10.103429064655272
109 -10.15560126743061
110 -10.189141386054267
111 -10.189919574161085
112 -10.235454456198063
113 -10.326555260365392
114 -10.414512887027234
115 -10.420778599540533
116 -10.434440402184812
117 -10.672330638013516
118 -10.681626248802147
119 -10.710465183241427
120 -11.331061073317034
121 -11.479332587190246
122 -11.479348081458667
123 -11.479705700175106
124 -11.483791958817434
125 -11.48414020497146
126 -11.689487636759864
127 -11.73705868984499
128 -11.73705868984499
129 -11.777626713712465
130 -12.001837294028107
131 -12.001837294028107
132 -12.029192230134758
133 -12.02996280083097
134 -12.069585508754821
135 -12.069631057023857
136 -12.099822796273292
137 -12.112515785962557
138 -12.112824459468051
139 -12.143374827571844
140 -12.80062269667823
141 -12.806616093654151
142 -12.83843083529372
143 -12.836230195206625
144 -12.837062763922757
145 -12.827790070255205
146 -12.870651935299707
147 -12.869140066571852
148 -12.88699908107548
149 -12.901294657854535
150 -12.92676289866695
151 -12.957852432387625
152 -12.957852432387625
153 -12.954114494413592
154 -12.989795778869095
155 -12.989795778869095
156 -12.989950776446861
157 -13.122800722045724
158 -13.122800722045724
159 -13.122800722045724
160 -13.122800722045724
161 -13.141518922630162
162 -13.162069436093498
163 -13.164538096968496
164 -13.192526868494632
165 -13.204891253151036
166 -13.223738803136555
167 -13.22374215930375
168 -13.22374215930375
169 -13.225323385770018
170 -13.225323385770018
171 -13.23026575740791
172 -13.150493985552405
173 -13.222487679680128
174 -13.222937633518477
175 -13.221925755527643
176 -13.221925755527643
177 -13.221969540813054
178 -13.25344563048447
179 -13.254257979816256
180 -13.254500135809405
181 -13.245842827842338
182 -13.249493617348122
183 -13.327436465049036
184 -13.36608729412394
185 -13.603178972312698
186 -13.603178972312698
187 -13.60441005711131
188 -13.803192222605063
189 -13.817197993620656
190 -13.842241661444259
191 -13.842241826421773
192 -13.84537211968388
193 -13.847135119862646
194 -13.937010884988657
195 -13.937010884988657
196 -13.944243630682802
197 -13.948452229468188
198 -13.948497480216048
199 -13.948497480216048
200 -13.949406080389899
201 -13.984225491577156
202 -13.984225491577156
203 -13.984960200530448
204 -14.083903861868372
205 -14.084867901232595
206 -14.389106778815641
207 -14.390621450139882
208 -14.395245875710003
209 -14.407308807659053
210 -14.408136527779806
211 -14.40819852244068
212 -14.496179481475814
213 -14.498878196500604
214 -14.498878196500604
215 -14.538964838652534
216 -14.54652032374746
217 -14.897735570266534
218 -14.902349937734229
219 -14.902349937734229
220 -15.022799151445241
221 -15.069764636218094
222 -15.103381345463303
223 -15.103381345463303
224 -15.103381345463303
225 -15.114801347188866
226 -15.115462005544078
227 -15.21440111978497
228 -15.483252604818894
229 -15.483691552985157
230 -15.483691552985157
231 -15.518806837624217
232 -15.888376871413396
233 -15.890141977537766
234 -15.890470028827819
235 -15.981838577701891
236 -15.981578182499018
237 -16.10183835646894
238 -16.10375095490041
239 -16.103794549666375
240 -16.47469819692488
241 -16.47469819692488
242 -16.480439453037928
243 -16.55564529247394
244 -16.55564529247394
245 -16.729401995247123
246 -16.73099217823981
247 -16.7217348422886
248 -16.80339928927012
249 -16.804256408671847
250 -16.804305408159827
251 -16.870213744073887
252 -16.873795215802904
253 -16.873795215802904
254 -16.873951094583685
255 -16.873951094583685
256 -17.026918254323125
257 -17.026918254323125
258 -17.028216256252048
259 -17.084871636191487
260 -17.084871636191487
261 -17.51154662669509
262 -17.518001693593277
263 -17.521637637022064
264 -17.508661138571167
265 -17.508864414658476
266 -17.5651434267712
267 -17.56682001560552
268 -17.609845911760914
269 -17.61030310600255
270 -17.675883477140772
271 -17.682028370157965
272 -17.699252528000525
273 -17.78012567577359
274 -17.77674311711952
275 -17.896361397070557
276 -18.098653329447785
277 -18.104284653224454
278 -18.104284653224454
279 -18.11117580588719
280 -18.208899123205775
281 -18.53702058789818
282 -18.581439620676267
283 -18.616927150302743
284 -18.616927150302743
285 -18.641573643753212
286 -18.71609951084725
287 -18.716815056716612
288 -18.718179147728353
289 -18.780263455344368
290 -18.7142954271588
291 -18.754099696449128
292 -18.745363855386405
293 -18.748972052889247
294 -18.740444809326426
295 -18.786603234531317
296 -19.03532945711182
297 -19.03532945711182
298 -19.03878598971408
299 -19.082094964228624
300 -19.082237091056555
301 -19.080582574314356
302 -19.16961517556708
303 -19.16961517556708
304 -19.20712825921752
305 -19.216079501934388
306 -19.22256748932304
307 -19.249100629664504
308 -19.277750827926383
309 -19.291947157899955
310 -19.29229411603822
311 -19.394162076812798
312 -19.401221413910662
313 -19.411135181147493
314 -19.41488610300513
315 -19.41488610300513
316 -19.506708793468825
317 -19.506708793468825
318 -19.52394677606766
319 -19.631700342233245
320 -19.655519384287274
321 -19.660157596398804
322 -19.730094332399794
323 -19.730094332399794
324 -19.748857912543478
325 -19.813243941491876
326 -19.813243941491876
327 -19.817446148611396
328 -19.817653250429096
329 -19.853486535653374
330 -19.84797153272977
331 -19.854839095468446
332 -19.854839095468446
333 -19.866476260639352
334 -19.88721668736053
335 -19.88932643568651
336 -19.890309890548522
337 -19.891997735814677
338 -19.892410229964177
339 -19.989178632957604
340 -19.989178632957604
341 -20.005707170731554
342 -20.186661743914343
343 -20.19193859008365
344 -20.192283923591148
345 -20.214748023982068
346 -20.214748023982068
347 -20.31695440514489
348 -20.323345551021575
349 -20.39611997942866
350 -20.402110300754515
351 -20.406520977585345
352 -20.412279126673774
353 -20.488976323913576
354 -20.535622178641894
355 -20.6178560253598
356 -20.6178560253598
357 -20.638625373474625
358 -20.825755886571024
359 -20.826159613915323
360 -20.88159217792991
361 -20.88277382753968
362 -20.887738151122
363 -20.90271515376395
364 -21.244029707540477
365 -21.27415560208228
366 -21.310177662716804
367 -21.324874433407885
368 -21.356986206101652
369 -21.450634694443117
370 -21.4489948053844
371 -21.451065637657873
372 -21.460295335003327
373 -21.471826756462715
374 -21.471826756462715
375 -21.53348149381746
376 -21.546796934868055
377 -21.579123216120827
378 -21.646828618726584
379 -21.646886889149755
380 -21.646968399209207
381 -21.661088719216888
382 -21.715227358792227
383 -21.709966864985503
384 -21.710002257073462
385 -21.710002257073462
386 -21.76337086377655
387 -21.826424830121468
388 -21.838230164278553
389 -21.84399971419296
390 -21.845211959742812
391 -21.875123979688098
392 -21.972729189454462
393 -21.98001041422318
394 -21.992471800939143
395 -22.105797990857713
396 -22.131495267768123
397 -22.136181390397116
398 -22.33198815941325
399 -22.41680339363385
400 -22.429757940610003
401 -22.42975842243479
402 -22.43148825715732
403 -22.65785091370478
404 -22.66120983193322
405 -22.66588148914706
406 -22.67319231759974
407 -22.745274369987534
408 -22.819057187355703
409 -22.83103947944307
410 -22.928484945288087
411 -22.928484945288087
412 -22.928484945288087
413 -22.934559082037314
414 -22.936896295273154
415 -22.945337423614145
416 -22.949696480846015
417 -22.96520566761714
418 -22.967815159001674
419 -23.051428270692345
420 -23.06799390478683
421 -23.12456501854007
422 -23.124711340515567
423 -23.12841063845515
424 -23.18668077710695
425 -23.18668077710695
426 -23.209108747011648
427 -23.243274274548064
428 -23.307256507532152
429 -23.307911831424626
430 -23.320785963809854
431 -23.323933467814655
432 -23.32405999493033
433 -23.32405999493033
434 -23.537466363725322
435 -23.58747323073196
436 -23.58747323073196
437 -23.824479231729747
438 -23.82478786897215
439 -24.000604601588634
440 -24.111861805149328
441 -24.1428044031217
442 -24.211982083453456
443 -24.211982083453456
444 -24.28920569325649
445 -24.296727178484645
446 -24.346345439469957
447 -24.35040363544151
448 -24.370459735843546
449 -24.37260742500618
450 -24.37260742500618
451 -24.403115425437882
452 -24.40845903727452
453 -24.496785639882503
454 -24.502053554639957
455 -24.546548704460605
456 -24.547744672191072
457 -24.547744672191072
458 -24.564318344492364
459 -24.564318344492364
460 -24.564318344492364
461 -24.673043672448358
462 -24.675392829536484
463 -24.68030552502944
464 -24.58621827024249
465 -24.58636561736666
466 -24.61138685637127
467 -24.671131887725842
468 -24.681270183451723
469 -24.711341677783594
470 -24.735481241408102
471 -24.823189533887614
472 -24.86901981042346
473 -24.905515499080572
474 -24.906414114769035
475 -24.959927337438707
476 -25.02737707732671
477 -25.029517880658624
478 -25.38338237649427
479 -25.38921053604291
480 -25.431319153757926
481 -25.440962897294913
482 -25.440962897294913
483 -25.489403891008713
484 -25.489403891008713
485 -25.489403891008713
486 -25.514605806184647
487 -25.514989191812695
488 -25.514989191812695
489 -25.55787688152011
490 -25.82328112671953
491 -25.830286245555282
492 -25.832881646704095
493 -26.031838274496334
494 -26.057485396343097
495 -26.13443283233815
496 -26.13558383110493
497 -26.144477048908925
498 -26.245006173470053
499 -26.251797863121247
500 -26.251797863121247
501 -26.253256074623046
502 -26.253261490594582
503 -26.31207115853963
504 -26.31207115853963
505 -26.385054995219384
506 -26.385054995219384
507 -26.44031566744536
508 -26.440450281266692
509 -26.45212293848286
510 -26.452572099730517
511 -26.455919133092863
512 -26.455919133092863
513 -26.46597418500157
514 -26.50471674971226
515 -26.582636061723605
516 -26.58263626028947
517 -26.58263626028947
518 -26.58263626028947
519 -26.58263626028947
520 -26.583908406517672
521 -26.600841086167527
522 -26.734372106304924
523 -26.757620972026025
524 -26.758408038208486
525 -26.850462909791403
526 -27.125633771340873
527 -27.12603194874045
528 -27.141996751883575
529 -27.141996751883575
530 -27.143342530553227
531 -27.17343311591685
532 -27.17343311591685
533 -27.175480050279585
534 -27.17562684217958
535 -27.200643764644095
536 -27.200643764644095
537 -27.218415039042174
538 -27.21844087075912
539 -27.21844087075912
540 -27.387134392244008
541 -27.470345515690127
542 -27.54555564073076
543 -27.555398707408514
544 -27.555398707408514
545 -27.555398707408514
546 -27.558039678074024
547 -27.62744499563962
548 -27.633389739471532
549 -27.75397336428513
550 -27.75406451429682
551 -27.762976451224823
552 -27.772407855981992
553 -27.772738444114914
554 -27.77451693568483
555 -27.825055718683195
556 -27.825055718683195
557 -27.815609590001344
558 -27.82770303152896
559 -27.903710305025278
560 -27.909180300850387
561 -27.89302561805848
562 -27.91601271393167
563 -27.920911530044613
564 -27.994309915491776
565 -28.073193455099307
566 -28.073193455099307
567 -28.155986570003414
568 -28.155986570003414
569 -28.157236420622425
570 -28.221955462893618
571 -28.241235970003785
572 -28.241235970003785
573 -28.24523852223949
574 -28.245732784334898
575 -28.29281296830826
576 -28.334683331846897
577 -28.334741311944406
578 -28.35442378481047
579 -28.36534060193055
580 -28.36580852990063
581 -28.373448669409136
582 -28.55493377616422
583 -28.56129290880267
584 -28.56197616920724
585 -28.57081306216567
586 -28.57081306216567
587 -28.631094004745236
588 -28.70404420459274
589 -28.70814512764958
590 -28.780008537861463
591 -28.820788102460565
592 -28.82083227594525
593 -28.941224380544433
594 -29.000095321658
595 -29.029306057714088
596 -29.095475381132715
597 -29.207859042879456
598 -29.22109354274636
599 -29.248643367522718
600 -29.248643367522718
601 -29.268742015246858
602 -29.27082536507944
603 -29.295928274741797
604 -29.395840294232627
605 -29.423131634269076
606 -29.42344720387056
607 -29.450430181649693
608 -29.530662752768453
609 -29.550889939899026
610 -29.550889939899026
611 -29.550889939899026
612 -29.575607174279188
613 -29.598605148503783
614 -29.606615058691723
615 -29.60740406119853
616 -29.60838795196939
617 -29.631592045462092
618 -29.66437851238988
619 -29.702533883759166
620 -29.704808722370096
621 -29.96538125470332
622 -29.989310434149864
623 -30.021629589072433
624 -30.059237848756112
625 -30.139044803321994
626 -30.139044803321994
627 -30.207410893674496
628 -30.267801283990387
629 -30.276762915618065
630 -30.324602987721512
631 -30.356804078347405
632 -30.374312564547647
633 -30.382189304214872
634 -30.382189304214872
635 -30.416540957475842
636 -30.420682629835092
637 -30.551395185296794
638 -30.553296514892928
639 -30.553296514892928
640 -30.553310283566354
641 -30.561088584319997
642 -30.578884217734505
643 -30.58039045646963
644 -31.139417545389573
645 -31.166918965693696
646 -31.175459565932385
647 -31.19768015454902
648 -31.23250473153651
649 -31.24538665768889
650 -31.24538665768889
651 -31.285389666643383
652 -31.285965588242334
653 -31.286730604183248
654 -31.318205256653705
655 -31.36592179985086
656 -31.36592179985086
657 -31.366370670758073
658 -31.441127384615932
659 -31.453245320513318
660 -31.45376851686408
661 -31.45376851686408
662 -31.462430325339973
663 -31.49679827102821
664 -31.49679827102821
665 -31.4968565462825
666 -31.497850458306292
667 -31.49865001380918
668 -31.498853686866756
669 -31.50985545994022
670 -31.50985545994022
671 -31.589796579037454
672 -31.598066818690327
673 -31.610303729612426
674 -31.613782845517882
675 -31.683466268456993
676 -31.93692937275568
677 -31.96481459036327
678 -31.97664724274427
679 -31.978948779733187
680 -31.979329518785818
681 -31.99024810370823
682 -32.06427873745608
683 -32.06473036475547
684 -32.06473036475547
685 -32.07308450919918
686 -32.073661852577516
687 -32.03656178526573
688 -32.05499106251245
689 -32.12827027223673
690 -32.14505818391129
691 -32.146422098532945
692 -32.146422098532945
693 -32.165264771918665
694 -32.224026095920046
695 -32.26301101489039
696 -32.26301101489039
697 -32.26565936998258
698 -32.26678671752823
699 -32.33316976866709
700 -32.33335444997331
701 -32.33335444997331
702 -32.33335444997331
703 -32.33335444997331
704 -32.33352053346877
705 -32.336880124626816
706 -32.37172526619254
707 -32.46133051635135
708 -32.495466518775984
709 -32.58310392727262
710 -32.58310392727262
711 -32.621114629217814
712 -32.6592620612197
713 -32.6592620612197
714 -32.66429439630544
715 -32.67740682587352
716 -32.67740682587351
717 -32.67740682587351
718 -32.72433923767246
719 -32.72433923767246
720 -32.72433923767246
721 -32.73859441889755
722 -32.76067570415037
723 -32.76076384359049
724 -32.76076384359049
725 -32.770580288741925
726 -32.77069757110851
727 -32.77069757110851
728 -32.76998717025636
729 -32.80148625463906
730 -32.81454676307956
731 -32.82660349741184
732 -32.84009521973933
733 -32.84009521973933
734 -32.84450949546381
735 -32.846574265371856
736 -32.849276645757485
737 -32.852624798400946
738 -32.852624798400946
739 -32.87790892434395
740 -32.87798203369025
741 -32.881595560825204
742 -32.881595560825204
743 -32.88358846769479
744 -32.88358846769479
745 -32.88358846769479
746 -32.88903875737974
747 -32.89232884488035
748 -32.90095524645977
749 -32.90096037788501
750 -33.00034133528352
751 -33.00034133528352
752 -33.019762979623664
753 -33.036461504320584
754 -33.036508101910314
755 -33.036525966260285
756 -33.03775528661161
757 -33.03793618482278
758 -33.03793618482278
759 -33.05198423985618
760 -33.070679846314526
761 -33.085262446006055
762 -33.09168457294409
763 -33.09767805762989
764 -33.09767805762989
765 -33.09797806853572
766 -33.098091043544336
767 -33.09809843467202
768 -33.12541781393382
769 -33.143182708228174
770 -33.143182708228174
771 -33.1525827004818
772 -33.1525827004818
773 -33.16046372052155
774 -33.17918467086845
775 -33.222175948995364
776 -33.28628024205609
777 -33.288120271169745
778 -33.31542213997708
779 -33.32281272739934
780 -33.32996622366527
781 -33.39422314484652
782 -33.39955642353553
783 -33.4346201101401
784 -33.4346201101401
785 -33.4346201101401
786 -33.4346201101401
787 -33.4346201101401
788 -33.49064575318544
789 -33.67910289387121
790 -33.73386907974234
791 -33.75477639963469
792 -33.854379346436765
793 -33.91907238432551
794 -33.97898707050608
795 -34.001484749231366
796 -34.08797562252682
797 -34.13232822884305
798 -34.141274289572365
799 -34.141274289572365
800 -34.163387306103736
801 -34.17012882438329
802 -34.17244393077092
803 -34.17244393077092
804 -34.18630721150851
805 -34.19015596287311
806 -34.20289988706701
807 -34.20289988706701
808 -34.4296562874941
809 -34.43304255569008
810 -34.43304255569008
811 -34.49193742339141
812 -34.510537012250495
813 -34.589432060529816
814 -34.63638645020387
815 -34.65223563149452
816 -34.675707143988376
817 -34.697204452278555
818 -34.697204452278555
819 -34.839323789520755
820 -34.84712627977073
821 -34.85423637805488
822 -34.8568953311557
823 -34.865787889952045
824 -34.86801739247572
825 -34.86881094592955
826 -34.87151951266304
827 -34.87151951266304
828 -34.97461408361005
829 -34.99962333376833
830 -34.99962333376833
831 -35.00464052334114
832 -35.01827344920659
833 -35.01827344920659
834 -35.02012711249556
835 -35.021754664238834
836 -35.021754664238834
837 -35.03352494435078
838 -35.03375191766749
839 -35.07984045890467
840 -35.08899479937563
841 -35.145964546845626
842 -35.158809149292225
843 -35.16137413951234
844 -35.2357583633189
845 -35.25710400890576
846 -35.283979907278436
847 -35.37605773655372
848 -35.423062220828
849 -35.423128349756375
850 -35.423128349756375
851 -35.447111815307544
852 -35.44779182568294
853 -35.45709879063915
854 -35.487085040324864
855 -35.499786230830466
856 -35.50130753563358
857 -35.61019070024626
858 -35.61019070024626
859 -35.62307932656007
860 -35.62549687564948
861 -35.69169965439769
862 -35.70695196160851
863 -35.746383856132894
864 -35.746383856132894
865 -35.75036038425714
866 -35.74082645292057
867 -35.74037737074592
868 -35.76443853419162
869 -35.76443853419162
870 -35.76745658948605
871 -35.77278310109143
872 -35.77278310109143
873 -35.77317412613149
874 -35.77414161475645
875 -35.79575465891767
876 -35.79730926280583
877 -35.822894506578486
878 -35.8503274389259
879 -35.89196507428182
880 -35.87503141155037
881 -35.90289599493086
882 -35.927695236040606
883 -35.9655569296139
884 -35.96711728987183
885 -35.977618543800865
886 -36.01431766691876
887 -36.03737522650983
888 -36.25368643861346
889 -36.25582044367153
890 -36.27965237852812
891 -36.28630174985548
892 -36.29307304327022
893 -36.30754997266643
894 -36.36483834094589
895 -36.45882576896584
896 -36.50420572072752
897 -36.51516538450808
898 -36.51527367058551
899 -36.51828891207568
900 -36.59994357599047
901 -36.599979411547004
902 -36.60112979900306
903 -36.60171307245053
904 -36.61424189374546
905 -36.61431496922671
906 -36.652717498605746
907 -36.6527362670855
908 -36.65761150494708
909 -36.6591712336566
910 -36.676512314339426
911 -36.676512314339426
912 -36.705323954063246
913 -36.76415919160687
914 -36.78555971700697
915 -36.82707001702831
916 -36.85199314783133
917 -37.00196438983253
918 -37.0272166642726
919 -37.02850880185854
920 -37.03096496518867
921 -37.06611112624121
922 -37.06611112624121
923 -37.06611112624121
924 -37.14632948206163
925 -37.24035992296208
926 -37.241001735211384
927 -37.242856468175596
928 -37.327739655941244
929 -37.327739655941244
930 -37.32846196391926
931 -37.3433481200472
932 -37.3433481200472
933 -37.3433481200472
934 -37.374499779422585
935 -37.374499779422585
936 -37.44532941072414
937 -37.4453454480672
938 -37.445644631828195
939 -37.44926837723198
940 -37.45252824246616
941 -37.45252824246616
942 -37.453389538656666
943 -37.453389538656666
944 -37.46330265392888
945 -37.4644245017568
946 -37.4644245017568
947 -37.4644245017568
948 -37.46430500799191
949 -37.464635578382605
950 -37.50567239708922
951 -37.505754832135196
952 -37.516189309439525
953 -37.51951782488207
954 -37.52928735601264
955 -37.52928735601264
956 -37.53018786928853
957 -37.53018786928853
958 -37.53018786928853
959 -37.543427907989276
960 -37.548792417793955
961 -37.57796185167802
962 -37.58060956521712
963 -37.76193638440706
964 -37.76193638440706
965 -37.779705257643656
966 -37.783579192439106
967 -37.78965531894708
968 -37.78965531894708
969 -37.78965531894708
970 -37.78965531894708
971 -37.78965531894708
972 -37.80589929973631
973 -37.80589929973631
974 -37.80589929973631
975 -37.81056322446783
976 -37.822746085148324
977 -37.86011107064688
978 -37.82629336387412
979 -37.82629336387412
980 -37.93544527560477
981 -37.97652136183716
982 -37.99395771052468
983 -38.04825569969382
984 -38.10532996120723
985 -38.11396288573397
986 -38.35235478912725
987 -38.39310769494405
988 -38.397087862092945
989 -38.40087851862004
990 -38.413086684433516
991 -38.42774409058813
992 -38.43230778336434
993 -38.43230778336434
994 -38.43230778336434
995 -38.43535475431912
996 -38.43535475431912
997 -38.534606299650264
998 -38.53467962580008
999 -38.53467962580008
1000 -38.53467962580008
1001 -38.537674273990135
1002 -38.54818032440991
1003 -38.56496308038748
1004 -38.57538071537643
1005 -38.57538071537643
1006 -38.635559860848154
1007 -38.635559860848154
1008 -38.635559860848154
1009 -38.635559860848154
1010 -38.6370966179054
1011 -38.6370966179054
1012 -38.640289013423676
1013 -38.647911030741895
1014 -38.647911030741895
1015 -38.69539509078187
1016 -38.760167339602354
1017 -38.76090886660171
1018 -38.76455327958552
1019 -38.83186698293564
1020 -38.83186698293564
1021 -38.8352800733857
1022 -38.8352800733857
1023 -38.8352800733857
1024 -38.93509417239154
1025 -38.950943561767474
1026 -38.950943561767474
1027 -38.95094599402721
1028 -38.98837518463322
1029 -39.00061733384429
1030 -39.00067787654383
1031 -39.00067787654383
1032 -39.035893011839185
1033 -39.03876268344973
1034 -39.03876268344973
1035 -39.0462666301123
1036 -39.08150561194014
1037 -39.10810910867278
1038 -39.10810910867278
1039 -39.122940834278936
1040 -39.122940834278936
1041 -39.126886104693796
1042 -39.12762101635802
1043 -39.13515912149944
1044 -39.23658495246197
1045 -39.287962915990605
1046 -39.288295195998295
1047 -39.288295195998295
1048 -39.28865099824862
1049 -39.32217519402479
1050 -39.32217519402479
1051 -39.32229589374616
1052 -39.328818496456336
1053 -39.328818496456336
1054 -39.348483139145145
1055 -39.348483139145145
1056 -39.348483139145145
1057 -39.356255941094894
1058 -39.356255941094894
1059 -39.36687474686751
1060 -39.367298176902764
1061 -39.367298176902764
1062 -39.413517527830834
1063 -39.45915289379955
1064 -39.45993278443478
1065 -39.48314610107271
1066 -39.48314610107271
1067 -39.492604327692725
1068 -39.492604327692725
1069 -39.492604327692725
1070 -39.58029171466128
1071 -39.58049221743017
1072 -39.58893469553747
1073 -39.59537138758773
1074 -39.59537138758773
1075 -39.59537138758773
1076 -39.59537138758773
1077 -39.6038704025684
1078 -39.60538640534065
1079 -39.60538640534065
1080 -39.60538640534065
1081 -39.60538640534065
1082 -39.627821260527796
1083 -39.627821260527796
1084 -39.9271686872907
1085 -39.9271686872907
1086 -39.9271686872907
1087 -39.96491886333976
1088 -39.98588096965182
1089 -39.99086738928891
1090 -39.99136395500416
1091 -40.069175701009726
1092 -40.15486365932043
1093 -40.15486365932043
1094 -40.15486365932043
1095 -40.15486365932043
1096 -40.15486365932043
1097 -40.16112231613485
1098 -40.161122316134836
1099 -40.32163631174727
1100 -40.32696063060477
1101 -40.32696063060477
1102 -40.32816746909623
1103 -40.35228830132472
1104 -40.357107485940986
1105 -40.36955178641928
1106 -40.3722041762555
1107 -40.3722041762555
1108 -40.38307135862338
1109 -40.38377943872874
1110 -40.38377943872874
1111 -40.38377943872874
1112 -40.38377943872874
1113 -40.384045363361025
1114 -40.391808835866925
1115 -40.41931012994742
1116 -40.41931012994742
1117 -40.4424825632902
1118 -40.45000645198735
1119 -40.45000645198735
1120 -40.452149651010544
1121 -40.452149651010544
1122 -40.452149651010544
1123 -40.461082150883044
1124 -40.46110912206136
1125 -40.49591407471131
1126 -40.52199808800173
1127 -40.52199808800173
1128 -40.52306741260479
1129 -40.53359205950808
1130 -40.53359205950808
1131 -40.5385235903899
1132 -40.542849521791794
1133 -40.63046250529344
1134 -40.6316631198495
1135 -40.63295385235781
1136 -40.65098967423326
1137 -40.65098967423326
1138 -40.662383545010385
1139 -40.662383545010385
1140 -40.70988321690451
1141 -40.71988251205359
1142 -40.71988251205359
1143 -40.71988251205359
1144 -40.71988251205359
1145 -40.720833921495945
1146 -40.75049002554067
1147 -40.77660755601316
1148 -40.77660755601316
1149 -40.77796274743033
1150 -40.77796274743033
1151 -40.896721331788385
1152 -40.896721331788385
1153 -40.96333463017028
1154 -41.004938133972786
1155 -41.004938133972786
1156 -41.04243324347108
1157 -41.04502321704872
1158 -41.04502321704872
1159 -41.09670850880006
1160 -41.09678798210742
1161 -41.09681159896232
1162 -41.09681159896232
1163 -41.09681159896232
1164 -41.315978118150625
1165 -41.315978118150625
1166 -41.31908031937871
1167 -41.31908031937871
1168 -41.32054399011372
1169 -41.32054399011372
1170 -41.326253062587
1171 -41.326253062587
1172 -41.326253062587
1173 -41.326253062587
1174 -41.326253062587
1175 -41.33283907400793
1176 -41.33283907400792
1177 -41.33283907400793
1178 -41.33283907400793
1179 -41.3417433426679
1180 -41.34312885832874
1181 -41.34312885832874
1182 -41.35627498458499
1183 -41.36441718163132
1184 -41.36441718163132
1185 -41.447619687984215
1186 -41.44763831647286
1187 -41.44763831647286
1188 -41.44934210756601
1189 -41.44934210756601
1190 -41.44934210756601
1191 -41.44934210756601
1192 -41.44934210756601
1193 -41.44934210756601
1194 -41.44934210756601
1195 -41.44968796105095
1196 -41.450424334666764
1197 -41.778687958190105
1198 -41.84159304774351
1199 -41.84159304774351
1200 -41.87348962321191
1201 -41.87348962321191
1202 -41.918847986376974
1203 -41.918847986376974
1204 -41.92777310725813
1205 -41.92777310725813
1206 -41.936758212954516
1207 -41.988796463199556
1208 -41.988796463199556
1209 -41.990829438669095
1210 -41.990829438669095
1211 -41.99395874418254
1212 -41.99395874418254
1213 -41.99395874418254
1214 -42.02372691820638
1215 -42.02372691820638
1216 -42.02372691820638
1217 -42.03582509023825
1218 -42.04409170152388
1219 -42.07877305674121
1220 -42.07877305674121
1221 -42.13173205968069
1222 -42.13173205968069
1223 -42.13173205968069
1224 -42.13173205968069
1225 -42.14246070910638
1226 -42.144218728337535
1227 -42.194981360520046
1228 -42.194981360520046
1229 -42.20095928863083
1230 -42.20095928863083
1231 -42.20114622038152
1232 -42.22254114032603
1233 -42.22254114032603
1234 -42.22254114032603
1235 -42.22459759812331
1236 -42.22459759812331
1237 -42.225364265139476
1238 -42.28230256922329
1239 -42.28230256922329
1240 -42.28230256922329
1241 -42.28307551137236
1242 -42.31837859383402
1243 -42.32224702244994
1244 -42.323001358506
1245 -42.326223452978695
1246 -42.37338590522067
1247 -42.37338590522067
1248 -42.38442858839679
1249 -42.38711147302436
1250 -42.38712885575114
1251 -42.420599965550124
1252 -42.42458237152158
1253 -42.42497462254338
1254 -42.433647926405826
1255 -42.433647926405826
1256 -42.433647926405826
1257 -42.43373262313064
1258 -42.43373262313064
1259 -42.4373396113276
1260 -42.45305713980408
1261 -42.47249026717779
1262 -42.491892620037575
1263 -42.49279127870409
1264 -42.572177852997754
1265 -42.58296689154692
1266 -42.625664220045394
1267 -42.62572606339175
1268 -42.631985127381725
1269 -42.64417353766697
1270 -42.64417353766697
1271 -42.64417353766697
1272 -42.647493946587346
1273 -42.68621207481649
1274 -42.68621207481649
1275 -42.68621207481649
1276 -42.68621207481649
1277 -42.68669871681069
1278 -42.7496242077364
1279 -42.751778491858985
1280 -42.75187420664255
1281 -42.75187420664255
1282 -42.753566866633584
1283 -42.78292286949774
1284 -42.78292286949774
1285 -42.78319102265593
1286 -42.802967589457836
1287 -42.80511821888872
1288 -42.81312425264876
1289 -42.838109877263946
1290 -42.838982450667736
1291 -42.85619532249036
1292 -42.85619532249036
1293 -42.85619532249036
1294 -42.90169162881989
1295 -42.90169162881989
1296 -42.930844532220235
1297 -42.972245478107155
1298 -42.972245478107155
1299 -42.9852451977974
1300 -42.99168081695708
1301 -43.01685147064852
1302 -43.030337592071845
1303 -43.030337592071845
1304 -43.030337592071845
1305 -43.03120684511899
1306 -43.03120684511899
1307 -43.033531629905674
1308 -43.107313517693335
1309 -43.11627957860863
1310 -43.12341896100322
1311 -43.126680970352695
1312 -43.13781915365755
1313 -43.13781915365755
1314 -43.15692806350115
1315 -43.15707244255045
1316 -43.16487781132314
1317 -43.17367848722743
1318 -43.16383429474411
1319 -43.183469519862385
1320 -43.26176256170419
1321 -43.26176256170419
1322 -43.319357789538515
1323 -43.319357789538515
1324 -43.319357789538515
1325 -43.324479092261384
1326 -43.33794208423099
1327 -43.388520328258885
1328 -43.388520328258885
1329 -43.39118835832396
1330 -43.39636859045194
1331 -43.39636859045194
1332 -43.39636859045194
1333 -43.39825942297447
1334 -43.40421602189181
1335 -43.40421602189181
1336 -43.409687632022
1337 -43.415613804648274
1338 -43.42392289447119
1339 -43.449714176414304
1340 -43.475388210951465
1341 -43.492156033559716
1342 -43.52462289807553
1343 -43.532876042350715
1344 -43.532876042350715
1345 -43.53304391890214
1346 -43.580452831681555
1347 -43.580452831681555
1348 -43.61863125904274
1349 -43.72342831448998
1350 -43.79553416878791
1351 -43.79553416878791
1352 -43.79553416878791
1353 -43.79553416878791
1354 -43.79553416878791
1355 -43.79553416878791
1356 -43.79553416878791
1357 -43.88038733769423
1358 -43.893063398583
1359 -43.89306371737575
1360 -43.90601351181669
1361 -43.90601351181669
1362 -43.90785304758968
1363 -43.90785304758968
1364 -43.90785304758968
1365 -43.91920768095345
1366 -43.920095969619524
1367 -43.920095969619524
1368 -43.92746092566925
1369 -43.92917500885392
1370 -43.92917500885392
1371 -43.9408611096889
1372 -43.944845144239366
1373 -43.945007955206925
1374 -43.962995032601285
1375 -43.99730781556783
1376 -44.042966199798954
1377 -44.06217478419363
1378 -44.06349149040698
1379 -44.06349149040698
1380 -44.06349149040698
1381 -44.10876810647191
1382 -44.10876810647191
1383 -44.10972776452135
1384 -44.11155400802174
1385 -44.11155400802174
1386 -44.15781755194185
1387 -44.16064921017623
1388 -44.16297976715218
1389 -44.20757361327222
1390 -44.220612346342264
1391 -44.220612346342264
1392 -44.23291060585113
1393 -44.23291060585113
1394 -44.319737263268266
1395 -44.32090047408796
1396 -44.32169179441347
1397 -44.32169179441347
1398 -44.32169179441347
1399 -44.32169179441347
1400 -44.32169179441347
1401 -44.32540472383507
1402 -44.3254959799213
1403 -44.3254959799213
1404 -44.335625314897335
1405 -44.37213535985452
1406 -44.373395013625654
1407 -44.373395013625654
1408 -44.38392410184194
1409 -44.41996560505309
1410 -44.42834895623644
1411 -44.42977179179423
1412 -44.42977179179423
1413 -44.431097688789784
1414 -44.431097688789784
1415 -44.43109141455462
1416 -44.443215838287664
1417 -44.49696762064162
1418 -44.49696762064162
1419 -44.49696762064162
1420 -44.50572187999476
1421 -44.50572187999476
1422 -44.50783743780322
1423 -44.50783743780322
1424 -44.50783743780322
1425 -44.58586096915956
1426 -44.58586096915956
1427 -44.59092515242407
1428 -44.59092515242407
1429 -44.59099902244306
1430 -44.593587285357245
1431 -44.5957820799014
1432 -44.596323022444224
1433 -44.602330212822
1434 -44.6308246207296
1435 -44.6308246207296
1436 -44.6308246207296
1437 -44.6308246207296
1438 -44.6308246207296
1439 -44.6308246207296
1440 -44.6308246207296
1441 -44.657350446767325
1442 -44.65745639523115
1443 -44.65745639523115
1444 -44.65745639523115
1445 -44.662253349481176
1446 -44.662253349481176
1447 -44.662253349481176
1448 -44.662253349481176
1449 -44.662726741637584
1450 -44.662726741637584
1451 -44.662726741637584
1452 -44.67641890422719
1453 -44.67641890422719
1454 -44.67641890422719
1455 -44.67964928750605
1456 -44.67964928750605
1457 -44.67964928750605
1458 -44.67964928750605
1459 -44.67964928750605
1460 -44.67964928750605
1461 -44.68286906832083
1462 -44.68456767854171
1463 -44.68456767854171
1464 -44.68859363888885
1465 -44.71498202146516
1466 -44.71498202146516
1467 -44.79738858846947
1468 -44.79738858846946
1469 -44.79738858846946
1470 -44.82936199724142
1471 -44.82936199724142
1472 -44.83243486184858
1473 -44.83243486184858
1474 -44.83243486184858
1475 -44.846880681898725
1476 -44.84836093298496
1477 -44.85684193233617
1478 -44.87646375082632
1479 -44.87685833148591
1480 -44.89411776759755
1481 -44.89458145420786
1482 -44.898616878956645
1483 -44.898616878956645
1484 -44.9048242277271
1485 -44.9048242277271
1486 -44.910767543213666
1487 -44.910767543213666
1488 -44.910767543213666
1489 -44.92833993087953
1490 -44.92833993087953
1491 -44.92850809176075
1492 -44.92968299429012
1493 -44.92968299429012
1494 -44.94967067045138
1495 -44.94967067045138
1496 -44.94967067045138
1497 -44.9742159135303
1498 -44.9742159135303
1499 -44.97743672663519
1500 -44.99673443580032
1501 -44.99673443580032
1502 -45.051593233488006
1503 -45.051593233488006
1504 -45.05313123145369
1505 -45.05948985523324
1506 -45.09010293740788
1507 -45.09046131460842
1508 -45.09523602675331
1509 -45.09523602675331
1510 -45.105513732394165
1511 -45.105513732394165
1512 -45.18897759262863
1513 -45.18949314396538
1514 -45.18949339659221
1515 -45.19376606552649
1516 -45.19617073136671
1517 -45.21286254813022
1518 -45.21286254813022
1519 -45.25569556615094
1520 -45.25569556615094
1521 -45.2854667117357
1522 -45.29502513689064
1523 -45.295701027236944
1524 -45.295701027236944
1525 -45.295701027236944
1526 -45.29873785329913
1527 -45.29873785329913
1528 -45.30351309064527
1529 -45.30351309064527
1530 -45.309170234584954
1531 -45.32140739664307
1532 -45.346757641526665
1533 -45.346757641526665
1534 -45.3493408244953
1535 -45.3493410517989
1536 -45.3493410517989
1537 -45.3493410517989
1538 -45.3493410517989
1539 -45.49092858055744
1540 -45.47099608499718
1541 -45.47099608499718
1542 -45.47099608499718
1543 -45.47099608499718
1544 -45.474122660631494
1545 -45.474122660631494
1546 -45.47419946793212
1547 -45.5266029721015
1548 -45.5311039561532
1549 -45.53173375690055
1550 -45.56275711455817
1551 -45.61620692662868
1552 -45.61709420474344
1553 -45.61709420474344
1554 -45.61709420474344
1555 -45.61709420474344
1556 -45.61709420474344
1557 -45.63106687870649
1558 -45.63810980311965
1559 -45.653112565560136
1560 -45.65311346411005
1561 -45.65311346411005
1562 -45.65311346411005
1563 -45.66529128124574
1564 -45.8393274597534
1565 -45.8393274597534
1566 -45.8471440455994
1567 -45.8471440455994
1568 -45.8471440455994
1569 -45.87716719909529
1570 -45.88762290468704
1571 -45.88764368519983
1572 -45.947971423790776
1573 -45.94822562668814
1574 -45.94822562668814
1575 -45.948898860399964
1576 -45.97889371861061
1577 -46.00433025094722
1578 -46.00433025094722
1579 -46.00808674665833
1580 -46.00808674665833
1581 -46.033231281593196
1582 -46.0338836112782
1583 -46.0338836112782
1584 -46.036346434193916
1585 -46.036346434193916
1586 -46.04967498184666
1587 -46.04967498184666
1588 -46.06348084387144
1589 -46.06567980401562
1590 -46.06567980401562
1591 -46.06567980401562
1592 -46.06567980401562
1593 -46.06971028540175
1594 -46.10434020869732
1595 -46.107794432781645
1596 -46.10779443278166
1597 -46.10779443278166
1598 -46.10779443278166
1599 -46.10926483937877
1600 -46.10926483937877
1601 -46.10926483937877
1602 -46.13062390052889
1603 -46.142825190494406
1604 -46.14374809796817
1605 -46.14630481573094
1606 -46.17370293815189
1607 -46.173729796155115
1608 -46.1872135390898
1609 -46.187406542643174
1610 -46.19423089131331
1611 -46.19423089131331
1612 -46.203734932013624
1613 -46.203734932013624
1614 -46.203734932013624
1615 -46.203865005422095
1616 -46.2038650054221
1617 -46.21376428761947
1618 -46.21376428761947
1619 -46.21421432689385
1620 -46.21421432689385
1621 -46.21421432689385
1622 -46.22000450690413
1623 -46.24164849955751
1624 -46.24394740974277
1625 -46.24394740974277
1626 -46.244117137986414
1627 -46.24603615203097
1628 -46.24603615203097
1629 -46.24698294001723
1630 -46.28628576760501
1631 -46.320829994023654
1632 -46.36569990484347
1633 -46.37150954885472
1634 -46.42278694960123
1635 -46.42278694960123
1636 -46.42943396221524
1637 -46.42943396221524
1638 -46.42943396221524
1639 -46.42943396221524
1640 -46.42943396221524
1641 -46.42943396221524
1642 -46.42943396221524
1643 -46.42943396221524
1644 -46.42943396221524
1645 -46.43136639563758
1646 -46.43136639563758
1647 -46.437694031964725
1648 -46.437694031964725
1649 -46.43907808682223
1650 -46.45097835206497
1651 -46.451671016877334
1652 -46.45808633845441
1653 -46.45808633845441
1654 -46.49774727625011
1655 -46.49774727625011
1656 -46.49774727625011
1657 -46.49774727625011
1658 -46.49792055028045
1659 -46.51115487835582
1660 -46.51129922062741
1661 -46.51183869584749
1662 -46.519690554150245
1663 -46.52044920797334
1664 -46.52423314296445
1665 -46.52423314296446
1666 -46.52423314296446
1667 -46.525558800509124
1668 -46.526028724395594
1669 -46.52605248981992
1670 -46.52605248981992
1671 -46.52605248981992
1672 -46.52605248981992
1673 -46.5315062996216
1674 -46.5315062996216
1675 -46.53153531078118
1676 -46.53153531078118
1677 -46.53153531078118
1678 -46.53379109000849
1679 -46.53406303042867
1680 -46.595487909787565
1681 -46.60239278407356
1682 -46.60239278407356
1683 -46.6039239676884
1684 -46.6039239676884
1685 -46.60846241195971
1686 -46.60846241195971
1687 -46.60846241195971
1688 -46.60846241195971
1689 -46.60846241195971
1690 -46.62597907419524
1691 -46.62626004350947
1692 -46.62626004350947
1693 -46.62626004350947
1694 -46.62626004350947
1695 -46.633415657022645
1696 -46.64106479686794
1697 -46.64106479686794
1698 -46.64106479686794
1699 -46.64372044404092
1700 -46.64372044404092
1701 -46.64372044404094
1702 -46.676271928420675
1703 -46.53797532011794
1704 -46.56543495156265
1705 -46.56959115830449
1706 -46.56959115830449
1707 -46.57285372009339
1708 -46.5740768974201
1709 -46.5740768974201
1710 -46.5740768974201
1711 -46.5740768974201
1712 -46.59949684631238
1713 -46.600418403385206
1714 -46.600418403385206
1715 -46.64435887100768
1716 -46.67923437946269
1717 -46.67923437946269
1718 -46.67923437946269
1719 -46.68629296189506
1720 -46.68629296189506
1721 -46.68629296189506
1722 -46.68629296189506
1723 -46.68721130581615
1724 -46.687328818573235
1725 -46.687328818573235
1726 -46.687328818573235
1727 -46.687328818573235
1728 -46.7012404289343
1729 -46.70381226953292
1730 -46.70381226953292
1731 -46.704905675199555
1732 -46.704905675199555
1733 -46.704905675199555
1734 -46.72041749693156
1735 -46.72041749693156
1736 -46.72429422410394
1737 -46.72429422410394
1738 -46.72429422410394
1739 -46.72429422410394
1740 -46.72433841306332
1741 -46.749160713108395
1742 -46.749160713108395
1743 -46.749160713108395
1744 -46.76621288261002
1745 -46.7671429413716
1746 -46.7671429413716
1747 -46.76724380045526
1748 -46.771309131062324
1749 -46.771309131062324
1750 -46.747712290302445
1751 -46.747712290302445
1752 -46.747712290302445
1753 -46.747712290302445
1754 -46.754979758429634
1755 -46.754979758429634
1756 -46.75552641234273
1757 -46.75552641234273
1758 -46.7559541500471
1759 -46.7559541500471
1760 -46.773713987751464
1761 -46.77397023503967
1762 -46.77424210908559
1763 -46.77424210908559
1764 -46.775873588879136
1765 -46.84994905037528
1766 -46.86079646740952
1767 -46.860862133202374
1768 -46.860862133202374
1769 -46.860862133202374
1770 -46.86170787716477
1771 -46.866678339335834
1772 -46.86815898834007
1773 -46.86815898834007
1774 -46.86815898834007
1775 -46.871240513941544
1776 -46.871240513941544
1777 -46.90528130855908
1778 -46.90528130855908
1779 -46.90898845952741
1780 -46.90898845952741
1781 -46.90898845952741
1782 -46.90916762101919
1783 -46.95497134648218
1784 -46.95851194075658
1785 -46.95851194075658
1786 -46.959125032237
1787 -46.96825691042934
1788 -46.97102263203123
1789 -46.99528010408695
1790 -46.99528010408695
1791 -46.99528010408695
1792 -46.99528010408695
1793 -47.071726037387855
1794 -47.07552826385974
1795 -47.09838357111826
1796 -47.10890814139688
1797 -47.11009318405259
1798 -47.11017243539851
1799 -47.11017243539851
1800 -47.112649009129285
1801 -47.12874047679408
1802 -47.137572687642376
1803 -47.137572687642376
1804 -47.138276343129405
1805 -47.14674281679551
1806 -47.14686272342507
1807 -47.18854757526431
1808 -47.18855729134238
1809 -47.189847608095974
1810 -47.19172266242326
1811 -47.19172266242326
1812 -47.197725957740786
1813 -47.197725957740786
1814 -47.197725957740786
1815 -47.197725957740786
1816 -47.19772595774077
1817 -47.235015119211155
1818 -47.238562268227625
1819 -47.238562268227625
1820 -47.24548925509667
1821 -47.24548925509667
1822 -47.24548925509667
1823 -47.24548925509667
1824 -47.24548925509667
1825 -47.24548925509666
1826 -47.24551800314387
1827 -47.24551800314387
1828 -47.24551800314387
1829 -47.24808238475141
1830 -47.24808238475141
1831 -47.248194084151365
1832 -47.249040168650154
1833 -47.2490991489079
1834 -47.25763922944611
1835 -47.25763922944611
1836 -47.25763922944611
1837 -47.25763922944611
1838 -47.25766061762796
1839 -47.25766061762796
1840 -47.25766061762796
1841 -47.268723735073735
1842 -47.268723735073735
1843 -47.268723735073735
1844 -47.26884967700977
1845 -47.27189242898241
1846 -47.27189242898241
1847 -47.27189242898241
1848 -47.279318004208946
1849 -47.280285074865546
1850 -47.280285074865546
1851 -47.28069119414843
1852 -47.28069119414843
1853 -47.28069119414843
1854 -47.291197596913
1855 -47.37892104621582
1856 -47.414551193331036
1857 -47.415872507417504
1858 -47.42952684240278
1859 -47.42952684240278
1860 -47.44161549270645
1861 -47.44320553331589
1862 -47.449722237647094
1863 -47.449722237647094
1864 -47.44995941731156
1865 -47.44995941731156
1866 -47.45011319142391
1867 -47.45011319142391
1868 -47.450757288886365
1869 -47.45814786189595
1870 -47.45814786189595
1871 -47.45814786189595
1872 -47.45814786189595
1873 -47.477726451421674
1874 -47.477726451421674
1875 -47.477726451421674
1876 -47.49582388554673
1877 -47.56321128142239
1878 -47.567349304101725
1879 -47.567349304101725
1880 -47.58393248790179
1881 -47.58393248790179
1882 -47.58393248790179
1883 -47.58393248790179
1884 -47.68187064617477
1885 -47.682247261391154
1886 -47.682247261391154
1887 -47.68237559099386
1888 -47.68237559099386
1889 -47.690927785531386
1890 -47.690927785531386
1891 -47.692309819003796
1892 -47.692309819003796
1893 -47.692309819003796
1894 -47.694371361228576
1895 -47.706257869205885
1896 -47.706257869205885
1897 -47.706257869205885
1898 -47.706257869205885
1899 -47.706257869205885
1900 -47.71656535299874
1901 -47.71656535299874
1902 -47.73008854095477
1903 -47.73008854095477
1904 -47.73008854095477
1905 -47.73008854095477
1906 -47.73008854095477
1907 -47.73008854095477
1908 -47.73008854095477
1909 -47.74811608148889
1910 -47.76431568524607
1911 -47.769183459582806
1912 -47.769183459582806
1913 -47.776683179747295
1914 -47.77843905281371
1915 -47.79397428607005
1916 -47.79397428607005
1917 -47.79397428607005
1918 -47.80157355205152
1919 -47.8209086814959
1920 -47.8209086814959
1921 -47.84414691544732
1922 -47.84417751775152
1923 -47.85024767864033
1924 -47.85098181060778
1925 -47.85098181060778
1926 -47.85098181060778
1927 -47.889499381720086
1928 -47.889499381720086
1929 -47.889499381720086
1930 -47.91581310872948
1931 -47.9170183128168
1932 -48.00532511690047
1933 -48.02854835363356
1934 -48.02854835363356
1935 -48.032462811429674
1936 -48.042238706127016
1937 -48.07785216443688
1938 -48.07785216443688
1939 -48.07785216443688
1940 -48.08526726582779
1941 -48.09302823834139
1942 -48.09302823834139
1943 -48.14543500744175
1944 -48.14543500744175
1945 -48.145480380539844
1946 -48.17802649837788
1947 -48.17802649837788
1948 -48.17802649837788
1949 -48.18103648535994
1950 -48.185048410519954
1951 -48.2481664414739
1952 -48.254396475253635
1953 -48.254396475253635
1954 -48.25471598172817
1955 -48.25584341090146
1956 -48.2909440813891
1957 -48.2909440813891
1958 -48.2909440813891
1959 -48.2909440813891
1960 -48.2909440813891
1961 -48.2909440813891
1962 -48.2909440813891
1963 -48.2909440813891
1964 -48.2909440813891
1965 -48.29094742327269
1966 -48.30525599023711
1967 -48.30980245219413
1968 -48.30980245219413
1969 -48.30980245219413
1970 -48.30980245219413
1971 -48.30980245219413
1972 -48.30980245219413
1973 -48.30980245219413
1974 -48.31730015791775
1975 -48.31734485221086
1976 -48.33718375101972
1977 -48.33890536074081
1978 -48.34709447219899
1979 -48.34709447219899
1980 -48.34709447219899
1981 -48.35002164421918
1982 -48.35463162799219
1983 -48.35463162799219
1984 -48.35473893835595
1985 -48.345166684462626
1986 -48.345166684462626
1987 -48.346238527012304
1988 -48.346238527012304
1989 -48.35946207254916
1990 -48.35946207254914
1991 -48.35946207254916
1992 -48.35946207254916
1993 -48.35946207254916
1994 -48.363490025081056
1995 -48.36383707820802
1996 -48.3772403301336
1997 -48.377738331729795
1998 -48.377738331729795
1999 -48.377738331729795
2000 -48.377738331729795
2001 -48.40628573403572
2002 -48.40628573403572
2003 -48.40628573403572
2004 -48.40789720165678
2005 -48.40789720165678
2006 -48.40789720165678
2007 -48.45035775199268
2008 -48.45035775199268
2009 -48.45035775199268
2010 -48.47895769612546
2011 -48.48666850047793
2012 -48.50645034589782
2013 -48.50645034589782
2014 -48.50645034589782
2015 -48.511555261742174
2016 -48.511555261742174
2017 -48.511555261742174
2018 -48.51250188713328
2019 -48.51358213007449
2020 -48.513934749279116
2021 -48.538225067850455
2022 -48.538225067850455
2023 -48.54123934775286
2024 -48.54123934775286
2025 -48.56796994284789
2026 -48.56796994284789
2027 -48.572415529024696
2028 -48.572415529024696
2029 -48.572415529024696
2030 -48.572415529024696
2031 -48.572415529024696
2032 -48.573837183053925
2033 -48.573837183053925
2034 -48.588929110464065
2035 -48.588929110464065
2036 -48.588929110464065
2037 -48.588929110464065
2038 -48.625427403135554
2039 -48.625427403135554
2040 -48.637218402138814
2041 -48.648124604960216
2042 -48.648124604960216
2043 -48.648514969762374
2044 -48.648514969762374
2045 -48.648514969762374
2046 -48.65125085792577
2047 -48.65125085792577
2048 -48.65125085792577
2049 -48.66242697403492
2050 -48.66242697403492
2051 -48.66242697403492
2052 -48.66242697403492
2053 -48.66242697403492
2054 -48.66242697403492
2055 -48.66242697403492
2056 -48.66829797032782
2057 -48.66829797032782
2058 -48.67005610090633
2059 -48.67074418937174
2060 -48.67074418937174
2061 -48.671606442543286
2062 -48.671606442543286
2063 -48.671606442543286
2064 -48.67171732442449
2065 -48.67171732442449
2066 -48.67171732442449
2067 -48.67171732442449
2068 -48.67328131242536
2069 -48.682982914164754
2070 -48.682982914164754
2071 -48.682982914164754
2072 -48.69420559810102
2073 -48.69573946563318
2074 -48.69573947173613
2075 -48.69573947173613
2076 -48.69573947173613
2077 -48.69573947173613
2078 -48.69950535450059
2079 -48.69950535450059
2080 -48.69950535450059
2081 -48.69950535450059
2082 -48.69950535450059
2083 -48.69950535450059
2084 -48.699852873967245
2085 -48.701898669939524
2086 -48.701898669939524
2087 -48.70674204346324
2088 -48.707952779088004
2089 -48.707952779088004
2090 -48.707952779088004
2091 -48.70800221134071
2092 -48.70800221134071
2093 -48.70800221134071
2094 -48.70800221134071
2095 -48.70800221134071
2096 -48.72157768604516
2097 -48.72157768604516
2098 -48.72157768604516
2099 -48.72157768604516
2100 -48.72157768604516
2101 -48.72552258391565
2102 -48.72563035279295
2103 -48.72563035279295
2104 -48.738632781099895
2105 -48.74352893683164
2106 -48.74352893683164
2107 -48.79237396238558
2108 -48.804259309904296
2109 -48.81390839433445
2110 -48.81558238708616
2111 -48.82297724677462
2112 -48.825082723371395
2113 -48.825082723371395
2114 -48.825082723371395
2115 -48.825082723371395
2116 -48.825082723371395
2117 -48.825082723371395
2118 -48.82605784485656
2119 -48.82605784485656
2120 -48.82605784485656
2121 -48.82605784485656
2122 -48.82605784485656
2123 -48.82605784485656
2124 -48.8347795126346
2125 -48.8347795126346
2126 -48.88045634615933
2127 -48.88045634615933
2128 -48.88045634615933
2129 -48.9204838555996
2130 -48.9204838555996
2131 -48.9204838555996
2132 -48.920545604946426
2133 -48.920545604946426
2134 -48.920545604946426
2135 -48.920545604946426
2136 -48.920545604946426
2137 -48.93672317209719
2138 -48.96477563219541
2139 -48.985795642167794
2140 -48.985795642167794
2141 -48.985795642167794
2142 -48.985795642167794
2143 -48.985795642167794
2144 -48.985795642167794
2145 -48.985795642167794
2146 -48.985795642167794
2147 -49.02544673423334
2148 -49.05001705730125
2149 -49.056637550263005
2150 -49.11272075674175
2151 -49.11272075674175
2152 -49.11272075674175
2153 -49.11272075674175
2154 -49.112815572818775
2155 -49.112890636622794
2156 -49.11859605527954
2157 -49.1195719757369
2158 -49.1195719757369
2159 -49.12012555517792
2160 -49.1215253148649
2161 -49.1215253148649
2162 -49.12412717669739
2163 -49.12423938984182
2164 -49.12423938984182
2165 -49.12423938984182
2166 -49.13358199508774
2167 -49.14732767474861
2168 -49.14737488657845
2169 -49.14737488657845
2170 -49.15399200198098
2171 -49.15399200198098
2172 -49.15399200198098
2173 -49.15399200198098
2174 -49.15399200198098
2175 -49.15399200198098
2176 -49.184808026288394
2177 -49.18480887265305
2178 -49.18480887265305
2179 -49.18480887265305
2180 -49.18480887265305
2181 -49.18604479795481
2182 -49.2025640020304
2183 -49.2025640020304
2184 -49.23310174581863
2185 -49.23310174581863
2186 -49.23743135624254
2187 -49.23743135624254
2188 -49.23743135624254
2189 -49.24142458660714
2190 -49.24142458660714
2191 -49.24142458660714
2192 -49.24142458660714
2193 -49.24142458660714
2194 -49.2490143917491
2195 -49.2490143917491
2196 -49.2490143917491
2197 -49.251338690764435
2198 -49.25405634687972
2199 -49.25732294201811
2200 -49.25732294201811
2201 -49.25732294201811
2202 -49.25732294201811
2203 -49.26936349423821
2204 -49.26936349423821
2205 -49.274150141055955
2206 -49.274150141055955
2207 -49.274150141055955
2208 -49.274150141055955
2209 -49.274150141055955
2210 -49.274186502255716
2211 -49.27690752933415
2212 -49.278905487884
2213 -49.28037300690675
2214 -49.28037300690675
2215 -49.28037300690675
2216 -49.28178546263886
2217 -49.28178546263886
2218 -49.28178546263886
2219 -49.28290290805088
2220 -49.28410708741508
2221 -49.28668358911244
2222 -49.28668358911244
2223 -49.28838244000006
2224 -49.308322158490796
2225 -49.308322158490796
2226 -49.31134148655583
2227 -49.31134148655583
2228 -49.31145648564682
2229 -49.31146039605413
2230 -49.33130876141034
2231 -49.33130876141034
2232 -49.33130876141034
2233 -49.33130876141034
2234 -49.33418912603916
2235 -49.34386110389622
2236 -49.37794027764701
2237 -49.37794027764701
2238 -49.382462186635024
2239 -49.382462186635024
2240 -49.384934438547305
2241 -49.384934438547305
2242 -49.40196750784692
2243 -49.40196750784692
2244 -49.40196750784692
2245 -49.40196750784692
2246 -49.40196750784692
2247 -49.40196750784692
2248 -49.40196750784692
2249 -49.40196750784692
2250 -49.40196750784692
2251 -49.40196750784692
2252 -49.40641606097171
2253 -49.40641606097171
2254 -49.40641606097171
2255 -49.40641606097171
2256 -49.40717589332246
2257 -49.40717589332246
2258 -49.407288886536904
2259 -49.41016990541368
2260 -49.41016990541368
2261 -49.49103479992833
2262 -49.49103479992833
2263 -49.49377293923344
2264 -49.49377293923344
2265 -49.500130140516845
2266 -49.49204491735243
2267 -49.49476727733301
2268 -49.500185890373174
2269 -49.500185890373174
2270 -49.500185890373174
2271 -49.500185890373174
2272 -49.541929637451176
2273 -49.541929637451176
2274 -49.569011378712744
2275 -49.56901982520641
2276 -49.5833764047201
2277 -49.5833764047201
2278 -49.5957482129145
2279 -49.62600136834945
2280 -49.62600136834945
2281 -49.62600136834945
2282 -49.632172455688476
2283 -49.68849089143413
2284 -49.68849089143413
2285 -49.68849089143413
2286 -49.688961207631195
2287 -49.688961207631195
2288 -49.69589732783339
2289 -49.69599767846806
2290 -49.706440251437456
2291 -49.70656057637007
2292 -49.70656408312352
2293 -49.70656408312352
2294 -49.70656408312352
2295 -49.72131189631446
2296 -49.72131189631446
2297 -49.72131189631446
2298 -49.72131189631446
2299 -49.72536657310826
2300 -49.72536657310826
2301 -49.7421311451903
2302 -49.7421311451903
2303 -49.74233180865062
2304 -49.74233180865062
2305 -49.74233180865062
2306 -49.74233180865062
2307 -49.74233180865062
2308 -49.79231671133522
2309 -49.79231671133522
2310 -49.79231671133522
2311 -49.79231671133522
2312 -49.79231671133522
2313 -49.83782726521652
2314 -49.841932952939516
2315 -49.84800340636927
2316 -49.84895061218599
2317 -49.84895061218599
2318 -49.84895061218599
2319 -49.89428346894606
2320 -49.91549392899749
2321 -49.915610425713155
2322 -49.92260523465556
2323 -49.92260523465556
2324 -49.92260523465556
2325 -49.926493306696855
2326 -49.926493306696855
2327 -49.96701392856211
2328 -49.96701392856211
2329 -49.96701392856211
2330 -49.96701392856211
2331 -49.96701392856211
2332 -49.96701392856211
2333 -49.96701392856211
2334 -49.98109250680878
2335 -49.98109250680878
2336 -49.98109250680878
2337 -49.981093512562865
2338 -49.981093512562865
2339 -49.981093512562865
2340 -49.981093512562865
2341 -49.981093512562865
2342 -49.981093512562865
2343 -49.98187751607479
2344 -49.98370015575735
2345 -49.98370015575735
2346 -49.98370015575735
2347 -49.98627159887748
2348 -49.98627159887748
2349 -49.98627159887748
2350 -49.98627159887748
2351 -49.98768784573879
2352 -49.98768784573879
2353 -49.98784001331539
2354 -49.98784001331539
2355 -49.98784001331539
2356 -50.01194280991089
2357 -50.01194280991089
2358 -50.01194280991089
2359 -50.01194280991089
2360 -50.01810215732485
2361 -50.01810215732485
2362 -50.01810215732485
2363 -50.018446128804044
2364 -50.018446128804044
2365 -50.029324363307985
2366 -50.029324363307985
2367 -50.03194324527597
2368 -50.03194324527597
2369 -50.03194324527597
2370 -50.032606479546644
2371 -50.032606479546644
2372 -50.032606479546644
2373 -50.032606479546644
2374 -50.05082153532261
2375 -50.051306924752524
2376 -50.071462358780664
2377 -50.071462358780664
2378 -50.071462358780664
2379 -50.073748477316414
2380 -50.073748477316414
2381 -50.07444655175007
2382 -50.07444655175007
2383 -50.07444655175007
2384 -50.07469998060439
2385 -50.080715490354876
2386 -50.08109729998307
2387 -50.08109729998307
2388 -50.08109729998307
2389 -50.08109729998307
2390 -50.08109729998307
2391 -50.081432357030764
2392 -50.0948946871776
2393 -50.10658359190566
2394 -50.11027169149294
2395 -50.11027169149294
2396 -50.11341476367873
2397 -50.113427312093314
2398 -50.113427312093314
2399 -50.113427312093314
2400 -50.113427312093314
2401 -50.113427312093314
2402 -50.113427312093314
2403 -50.113427312093314
2404 -50.12304580596108
2405 -50.130441065525105
2406 -50.13199374899449
2407 -50.13199374899449
2408 -50.13199374899449
2409 -50.14704699211137
2410 -50.14805681583786
2411 -50.157006662842775
2412 -50.16180423254988
2413 -50.16755983251592
2414 -50.16755983251592
2415 -50.167591646378355
2416 -50.167591646378355
2417 -50.167591646378355
2418 -50.167591646378355
2419 -50.1718395658997
2420 -50.1718395658997
2421 -50.17923958469419
2422 -50.17923958469419
2423 -50.17923958469419
2424 -50.18200198856502
2425 -50.18200198856502
2426 -50.19061381286657
2427 -50.20364785698531
2428 -50.20513512065828
2429 -50.20513512065828
2430 -50.20513512065828
2431 -50.20880680762442
2432 -50.20880680762442
2433 -50.208855385939756
2434 -50.208855385939756
2435 -50.22005014127336
2436 -50.221983325241226
2437 -50.221983325241226
2438 -50.221983325241226
2439 -50.222436386709006
2440 -50.222436386709006
2441 -50.222436386709006
2442 -50.22330309152771
2443 -50.22330309152771
2444 -50.22330309152771
2445 -50.22330309152771
2446 -50.22330309152771
2447 -50.22330309152771
2448 -50.24043080311921
2449 -50.24043080311921
2450 -50.24043080311921
2451 -50.24043080311921
2452 -50.24043080311921
2453 -50.24043080311921
2454 -50.240699970000094
2455 -50.240699970000094
2456 -50.24072209093306
2457 -50.2420164634257
2458 -50.2420164634257
2459 -50.2420164634257
2460 -50.24233498542422
2461 -50.24233498542422
2462 -50.24254321888448
2463 -50.24254321888448
2464 -50.24254321888448
2465 -50.24254321888448
2466 -50.24254321888448
2467 -50.24258082444558
2468 -50.24258082444558
2469 -50.242583642680316
2470 -50.248930261758076
2471 -50.24893398548194
2472 -50.24899901286632
2473 -50.249109348468934
2474 -50.249109348468934
2475 -50.249109348468934
2476 -50.249109348468934
2477 -50.249109348468934
2478 -50.249109348468934
2479 -50.252913240368194
2480 -50.25413471787684
2481 -50.27986046375628
2482 -50.27986046375628
2483 -50.27986046375628
2484 -50.27986046375628
2485 -50.27986046375628
2486 -50.27986705560518
2487 -50.27986705560518
2488 -50.2802453123118
2489 -50.2802453123118
2490 -50.2802453123118
2491 -50.2802453123118
2492 -50.2802453123118
2493 -50.283394640358594
2494 -50.28339528485003
2495 -50.28400581320429
2496 -50.293122801692974
2497 -50.293122801692974
2498 -50.293122801692974
2499 -50.293122801692974
2500 -50.293122801692974
2501 -50.31652745757938
2502 -50.31652745757938
2503 -50.31677060594774
2504 -50.31677060594774
2505 -50.31677060594774
2506 -50.36822711658283
2507 -50.36822711658283
2508 -50.375373641583465
2509 -50.375373641583465
2510 -50.375373641583465
2511 -50.375373641583465
2512 -50.375373641583465
2513 -50.37732015568214
2514 -50.37732015568214
2515 -50.377504687123235
2516 -50.377504687123235
2517 -50.37788263304424
2518 -50.37788263304424
2519 -50.37788263304424
2520 -50.37794929707245
2521 -50.37794929707245
2522 -50.378453952806396
2523 -50.37894827949805
2524 -50.38108673760152
2525 -50.38108673760152
2526 -50.396478711496925
2527 -50.38672513001111
2528 -50.38672513001111
2529 -50.37455546045457
2530 -50.37455546045457
2531 -50.37473145671697
2532 -50.37473145671697
2533 -50.37473145671697
2534 -50.37473145671697
2535 -50.37473145671697
2536 -50.37473145671697
2537 -50.37473145671697
2538 -50.37473145671697
2539 -50.37473145671697
2540 -50.37473145671697
2541 -50.37473145671697
2542 -50.37778741873724
2543 -50.37778741873724
2544 -50.37778741873724
2545 -50.37778741873724
2546 -50.37778741873724
2547 -50.37778741873724
2548 -50.38336054164591
2549 -50.38336054164591
2550 -50.392235365737044
2551 -50.392235365737044
2552 -50.392235365737044
2553 -50.397238974010136
2554 -50.397238974010136
2555 -50.397238974010136
2556 -50.397238974010136
2557 -50.397238974010136
2558 -50.43831309103845
2559 -50.438547342396134
2560 -50.438547342396134
2561 -50.438547342396134
2562 -50.438547342396134
2563 -50.44475314786159
2564 -50.44475314786159
2565 -50.44721947480474
2566 -50.447766607896426
2567 -50.447766607896426
2568 -50.447766607896426
2569 -50.447766607896426
2570 -50.450411252123125
2571 -50.452636820433675
2572 -50.452636820433675
2573 -50.45265634609101
2574 -50.45265634609101
2575 -50.453470279936234
2576 -50.453470279936234
2577 -50.454116213178786
2578 -50.454116213178786
2579 -50.454116213178786
2580 -50.458853504252254
2581 -50.46567705272191
2582 -50.48191914811354
2583 -50.482702079711714
2584 -50.48285269560105
2585 -50.48285269560105
2586 -50.48285269560105
2587 -50.48285269560105
2588 -50.48285269560105
2589 -50.48964368906279
2590 -50.48964368906279
2591 -50.49930487314552
2592 -50.49930487314552
2593 -50.49930487314552
2594 -50.533383984985015
2595 -50.533383984985015
2596 -50.533383984985015
2597 -50.533383984985015
2598 -50.533383984985015
2599 -50.533383984985015
2600 -50.533383984985015
2601 -50.5356092851118
2602 -50.5356092851118
2603 -50.53677740906163
2604 -50.537205227310736
2605 -50.56811872872116
2606 -50.56811872872116
2607 -50.56811872872116
2608 -50.56811872872116
2609 -50.56818985504533
2610 -50.56818985504533
2611 -50.56821137121504
2612 -50.57057377460174
2613 -50.57057377460174
2614 -50.57057377460174
2615 -50.57057377460174
2616 -50.57057377460174
2617 -50.57057377460174
2618 -50.57057377460174
2619 -50.57057377460174
2620 -50.56981759447764
2621 -50.56981759447764
2622 -50.57138866551553
2623 -50.57159645740741
2624 -50.57159645740741
2625 -50.573907968880164
2626 -50.573907968880164
2627 -50.574020660184104
2628 -50.57553224294247
2629 -50.57553224294247
2630 -50.57553224294247
2631 -50.57553224294247
2632 -50.586602820356035
2633 -50.586602820356035
2634 -50.586602820356035
2635 -50.58762052773001
2636 -50.59193991460127
2637 -50.59193991460127
2638 -50.59383757752171
2639 -50.59383757752171
2640 -50.594431553649656
2641 -50.594431553649656
2642 -50.60086420654355
2643 -50.60086420654355
2644 -50.60829192415227
2645 -50.61000333133801
2646 -50.62073772821552
2647 -50.62297053868794
2648 -50.62297053868794
2649 -50.628988272115045
2650 -50.63338197628979
2651 -50.63338197628979
2652 -50.63338197628979
2653 -50.63782507603406
2654 -50.63782507603406
2655 -50.64106601151417
2656 -50.64106601151417
2657 -50.64106601151417
2658 -50.64106601151417
2659 -50.648012172787745
2660 -50.64923089383369
2661 -50.64923089383369
2662 -50.657881573456116
2663 -50.659655353851704
2664 -50.662858897798074
2665 -50.662858897798074
2666 -50.662858897798074
2667 -50.665440368250756
2668 -50.665440368250756
2669 -50.6654938758808
2670 -50.66849437790367
2671 -50.66849437790367
2672 -50.66850943484984
2673 -50.66850943484984
2674 -50.66977629956183
2675 -50.670509820867935
2676 -50.67074782477931
2677 -50.67074782477931
2678 -50.67074782477931
2679 -50.67074782477931
2680 -50.67074782477931
2681 -50.67074782477931
2682 -50.67074782477931
2683 -50.67074782477931
2684 -50.67508106619162
2685 -50.67533119315483
2686 -50.67533119315483
2687 -50.67533119315483
2688 -50.68344100422938
2689 -50.68344100422938
2690 -50.686704834915744
2691 -50.686704834915744
2692 -50.686704834915744
2693 -50.686704834915744
2694 -50.686704834915744
2695 -50.686704834915744
2696 -50.68756911173831
2697 -50.68776690713989
2698 -50.68776690713989
2699 -50.68801386671015
2700 -50.68801386671015
2701 -50.6917944888624
2702 -50.6917944888624
2703 -50.69975740825153
2704 -50.69975740825153
2705 -50.699812218201515
2706 -50.699812218201515
2707 -50.70088067372656
2708 -50.70104489994024
2709 -50.70104489994024
2710 -50.70104489994024
2711 -50.70104489994024
2712 -50.704515215339455
2713 -50.704515215339455
2714 -50.70614483262726
2715 -50.711386972110176
2716 -50.711386972110176
2717 -50.711386972110176
2718 -50.711386972110176
2719 -50.711386972110176
2720 -50.711386972110176
2721 -50.72113027522312
2722 -50.72113027522312
2723 -50.730888322311365
2724 -50.730888322311365
2725 -50.73132237683133
2726 -50.73132237683133
2727 -50.73132237683133
2728 -50.73132237683133
2729 -50.73252683393193
2730 -50.732859965011755
2731 -50.732859965011755
2732 -50.732859965011755
2733 -50.732859965011755
2734 -50.732859965011755
2735 -50.732859965011755
2736 -50.742475347801964
2737 -50.74434226967004
2738 -50.74434226967004
2739 -50.74434226967004
2740 -50.74504190284321
2741 -50.74504190284321
2742 -50.74798112638112
2743 -50.74798112638112
2744 -50.771580321557266
2745 -50.771580321557266
2746 -50.771580321557266
2747 -50.771580321557266
2748 -50.771580321557266
2749 -50.771580321557266
2750 -50.771633040165355
2751 -50.771633040165355
2752 -50.771633040165355
2753 -50.771633040165355
2754 -50.772692475098154
2755 -50.772692475098154
2756 -50.77624215712828
2757 -50.77624215712828
2758 -50.77624215712828
2759 -50.77701040099151
2760 -50.77701040099151
2761 -50.7784432934138
2762 -50.7784432934138
2763 -50.778468082540286
2764 -50.78419845336744
2765 -50.78419845336744
2766 -50.78419845336744
2767 -50.784198524056364
2768 -50.784198524056364
2769 -50.78450502085887
2770 -50.78503886070408
2771 -50.78503886070408
2772 -50.78503886070408
2773 -50.78503886070408
2774 -50.787162260348694
2775 -50.787162260348694
2776 -50.78985187052396
2777 -50.79015659820189
2778 -50.79015659820189
2779 -50.79015659820189
2780 -50.79015659820189
2781 -50.79788115163011
2782 -50.79788115163011
2783 -50.79788115163011
2784 -50.80640905471464
2785 -50.80640905471464
2786 -50.80697435314697
2787 -50.80727480134318
2788 -50.80727480134318
2789 -50.82577289209091
2790 -50.82577289209091
2791 -50.82577289209091
2792 -50.85202375305994
2793 -50.85202375305994
2794 -50.85726389772311
2795 -50.85726389772311
2796 -50.87036470055991
2797 -50.87036470055991
2798 -50.87054578386098
2799 -50.855983140737145
2800 -50.86152817451035
2801 -50.86152817451035
2802 -50.869094928323044
2803 -50.869094928323044
2804 -50.869094928323044
2805 -50.869094928323044
2806 -50.869094928323044
2807 -50.869094928323044
2808 -50.87739278235079
2809 -50.87739278235079
2810 -50.88233929945985
2811 -50.88233929945985
2812 -50.88233929945984
2813 -50.88233929945984
2814 -50.88233929945984
2815 -50.88274631235508
2816 -50.88302545185299
2817 -50.88952325520063
2818 -50.88952325520063
2819 -50.89018177598764
2820 -50.89018177598764
2821 -50.89018177598764
2822 -50.89018177598764
2823 -50.89494274916585
2824 -50.902414015476566
2825 -50.902414015476566
2826 -50.902414015476566
2827 -50.902414015476566
2828 -50.905282670753564
2829 -50.912343941718376
2830 -50.912343941718376
2831 -50.91247784376226
2832 -50.91247784376226
2833 -50.918715498728645
2834 -50.92870605390743
2835 -50.92870605390743
2836 -50.92870605390743
2837 -50.932961032291516
2838 -50.932961032291516
2839 -50.932961032291516
2840 -50.93496509525295
2841 -50.93536064394219
2842 -50.93838142588288
2843 -50.951702818979356
2844 -50.951702818979356
2845 -50.951702818979356
2846 -50.951702818979356
2847 -50.95170395217667
2848 -50.95170395217667
2849 -50.95170395217667
2850 -50.98200818767113
2851 -50.99194813404222
2852 -50.99198804746523
2853 -50.993845687113804
2854 -50.995425519582454
2855 -50.995425519582454
2856 -50.997421728419624
2857 -50.997421728419624
2858 -50.997421728419624
2859 -50.9978642637472
2860 -50.9978642637472
2861 -50.9978642637472
2862 -50.9978642637472
2863 -50.9978642637472
2864 -50.9978642637472
2865 -50.997929757270036
2866 -51.00458416906894
2867 -51.00458416906894
2868 -51.005944713671965
2869 -51.005944713671965
2870 -51.005944713671965
2871 -51.01450659957517
2872 -51.01861031197086
2873 -51.01861031197086
2874 -51.01861031197086
2875 -51.01960920440868
2876 -51.01960920440868
2877 -51.01960920440868
2878 -51.01987686509655
2879 -51.01987686509655
2880 -51.01987686509655
2881 -51.01994151463961
2882 -51.05985022369909
2883 -51.06094666970076
2884 -51.06094666970076
2885 -51.06094666970076
2886 -51.06094666970076
2887 -51.06094666970076
2888 -51.06094666970076
2889 -51.06094666970076
2890 -51.06094666970076
2891 -51.06094666970076
2892 -51.064586492678615
2893 -51.064586492678615
2894 -51.065184648808255
2895 -51.065184648808255
2896 -51.065184648808255
2897 -51.065184648808255
2898 -51.09385912759167
2899 -51.09812331203088
2900 -51.10639304368392
2901 -51.10639304368392
2902 -51.114871363501635
2903 -51.136297360941526
2904 -51.136297360941526
2905 -51.136297360941526
2906 -51.136297360941526
2907 -51.136297360941526
2908 -51.13942421357586
2909 -51.14004437042105
2910 -51.14004437042105
2911 -51.14004437042105
2912 -51.18998757661819
2913 -51.181060328448105
2914 -51.18268685282841
2915 -51.18268685282841
2916 -51.18268685282841
2917 -51.18268685282841
2918 -51.18268685282841
2919 -51.18268685282841
2920 -51.18484206847839
2921 -51.190245165145605
2922 -51.190245165145605
2923 -51.19037281515149
2924 -51.191450412445406
2925 -51.20880539025451
2926 -51.20880539025451
2927 -51.20880539025451
2928 -51.20880539025451
2929 -51.20880539025451
2930 -51.20880539025451
2931 -51.21676275736443
2932 -51.21676275736443
2933 -51.21676275736443
2934 -51.21676275736443
2935 -51.21676275736443
2936 -51.21676275736443
2937 -51.217864378484066
2938 -51.217864378484066
2939 -51.21993892630166
2940 -51.21993892630166
2941 -51.2199407167668
2942 -51.219971753886355
2943 -51.22067415493929
2944 -51.22067415493929
2945 -51.24240212860272
2946 -51.24240212860272
2947 -51.24240212860272
2948 -51.24240212860272
2949 -51.24240548209477
2950 -51.24536583290149
2951 -51.25700083786023
2952 -51.257104271560046
2953 -51.26036940145231
2954 -51.26036940145231
2955 -51.30227779251463
2956 -51.30227779251463
2957 -51.30227779251463
2958 -51.30227779251463
2959 -51.30227779251463
2960 -51.30227779251463
2961 -51.30227779251463
2962 -51.30227779251463
2963 -51.30227779251463
2964 -51.52624261200408
2965 -51.531065780875906
2966 -51.56336588538929
2967 -51.56336588538929
2968 -51.56336588538929
2969 -51.56336588538929
2970 -51.56336588538929
2971 -51.590734299464444
2972 -51.59073429946443
2973 -51.59073429946443
2974 -51.59073429946443
2975 -51.59073429946443
2976 -51.59073429946443
2977 -51.59073429946443
2978 -51.59073429946443
2979 -51.63353719909257
2980 -51.63413666526222
2981 -51.63413666526222
2982 -51.634247230883446
2983 -51.639500606654565
2984 -51.639500606654565
2985 -51.64005637213377
2986 -51.63137750521208
2987 -51.63137750521208
2988 -51.63137750521208
2989 -51.639537366940395
2990 -51.639537366940395
2991 -51.64357480236153
2992 -51.64499320228981
2993 -51.681596529177384
2994 -51.681596529177384
2995 -51.69901172312309
2996 -51.69923786754678
2997 -51.75959446388769
2998 -51.75959446388769
2999 -51.75959446388769
