0 -1.3316595126093442
1 -3.5490579424813915
2 -5.269900541260329
3 -6.505759155203607
4 -7.8596259365425105
5 -9.258187530927888
6 -10.406986324262272
7 -11.402939130582608
8 -12.30285387010064
9 -13.339519876790051
10 -14.179089486126427
11 -14.276873022024255
12 -15.028919094812231
13 -15.911904299228645
14 -16.904123345986175
15 -17.56159704331349
16 -18.466877759100242
17 -19.30489574462711
18 -20.039609291676953
19 -20.16459132921288
20 -20.690017199679463
21 -20.799865863049618
22 -21.274695110502545
23 -21.799242576577257
24 -22.13525213631489
25 -22.248874503781458
26 -22.306537368207444
27 -22.31165046305319
28 -22.608089444584763
29 -23.338101319083755
30 -23.957133697308308
31 -24.592028859883627
32 -25.182384116498323
33 -25.44432895578116
34 -25.813657974397017
35 -25.88567241953831
36 -26.40358434179224
37 -26.702105022418806
38 -26.97426595506647
39 -27.183379628670515
40 -27.46766806644347
41 -27.991456764762084
42 -28.402358436316895
43 -28.58413053481366
44 -28.59654237400091
45 -28.976122692174247
46 -29.254599259794155
47 -29.256955199839215
48 -29.25938859441014
49 -29.43882934533783
50 -29.623819995558208
51 -29.989979107062926
52 -30.331740764149117
53 -30.628729371438517
54 -30.78043008206478
55 -31.077756471616237
56 -31.38547214283885
57 -31.598070598494466
58 -31.714632364094783
59 -31.89060831246893
60 -31.968819048968392
61 -32.22906873468381
62 -32.38341503080759
63 -32.42476646338673
64 -32.58992134384674
65 -32.779664098128016
66 -32.955529213228026
67 -33.05655334253474
68 -33.20208360656105
69 -33.51672203210966
70 -33.65672481569547
71 -33.90209930284854
72 -34.04149939697221
73 -34.16629282544364
74 -34.38588406108806
75 -34.42762728033381
76 -34.60971789355441
77 -34.743701437329925
78 -34.908607706369054
79 -35.0707117354393
80 -35.253093898134445
81 -35.34167640378601
82 -35.620226245021485
83 -35.89629347623381
84 -36.069738944972
85 -36.24882276352992
86 -36.55820549681938
87 -36.64763020691849
88 -36.74138882158021
89 -36.88901186320547
90 -36.96406579051629
91 -37.10858533068853
92 -37.202569852752056
93 -37.42828424590868
94 -37.51026441242674
95 -37.642641495908705
96 -37.81246098334344
97 -37.966160545851416
98 -38.11408306013176
99 -38.18327277572216
100 -38.21708384520386
101 -38.29599748977141
102 -38.48234829176771
103 -38.63791172921408
104 -38.80487596127394
105 -38.99473652562456
106 -39.10589316487548
107 -39.10963069987899
108 -39.20444448908242
109 -39.380826946194304
110 -39.38943877011697
111 -39.48158148401125
112 -39.614105418464824
113 -39.75695644799054
114 -39.89011260296334
115 -39.99594979096989
116 -40.08693217974111
117 -40.21715531411033
118 -40.28564425012139
119 -40.42340761201994
120 -40.68933604292184
121 -40.963883921289394
122 -41.188973484849726
123 -41.409268450907845
124 -41.43027439451702
125 -41.47629247944252
126 -41.598658921132994
127 -41.646850869613594
128 -41.767195462739906
129 -41.850476622500835
130 -41.90220746298111
131 -41.98642253758021
132 -42.09559636658355
133 -42.10550648993837
134 -42.14855465943332
135 -42.20530934561951
136 -42.292481785431704
137 -42.37071837485
138 -42.4472748353576
139 -42.605595894048136
140 -42.79177798618277
141 -43.015380721672805
142 -43.21204691970546
143 -43.30252792085428
144 -43.30453230383691
145 -43.376600406543226
146 -43.4774700786782
147 -43.54050970816298
148 -43.61122784172797
149 -43.697698533731696
150 -43.719494507588834
151 -43.749275397883196
152 -43.84240098604348
153 -43.97673606731701
154 -44.13858089313915
155 -44.2549550181013
156 -44.33603762611004
157 -44.39843502532294
158 -44.51461765865011
159 -44.57860522419625
160 -44.63985000176194
161 -44.762512841504915
162 -44.85357655733646
163 -44.94132451169686
164 -44.987297533676454
165 -45.04839926273871
166 -45.16386405051712
167 -45.251279219523816
168 -45.373833097160954
169 -45.45894036162044
170 -45.56058656596736
171 -45.61395930335918
172 -45.61653128617459
173 -45.70167988831122
174 -45.783719480280695
175 -45.861625420074034
176 -45.87467749682803
177 -45.90893186953561
178 -45.959628441354525
179 -45.97735845952751
180 -46.00760819834137
181 -46.073552033429664
182 -46.205976700260926
183 -46.32106423588431
184 -46.396997160893505
185 -46.481204125065176
186 -46.558970383320414
187 -46.6714022827852
188 -46.67442913388834
189 -46.782826227419214
190 -46.84101787890209
191 -46.97608918971716
192 -47.027851176650024
193 -47.0822987322332
194 -47.2050696922581
195 -47.205738017275685
196 -47.304076421851576
197 -47.345918572986996
198 -47.352030931928326
199 -47.41783421723724
200 -47.52496355350402
201 -47.55715020612994
202 -47.621508078131754
203 -47.68235054290781
204 -47.81942710114772
205 -47.864371899426935
206 -47.923951628475436
207 -47.9667144743723
208 -48.012444741257355
209 -48.05354242799726
210 -48.10497433353289
211 -48.11594661816686
212 -48.16760883181865
213 -48.26833318827099
214 -48.31154532896517
215 -48.335465994350244
216 -48.40041653018708
217 -48.5132910344132
218 -48.617608802651645
219 -48.69571961310195
220 -48.757833366968285
221 -48.86309083562749
222 -48.961726855213094
223 -49.08465345880396
224 -49.13019010757563
225 -49.17622576148488
226 -49.26375438487323
227 -49.28366365740247
228 -49.342311040619734
229 -49.428809772555326
230 -49.441987645666416
231 -49.51532510489306
232 -49.60997941345952
233 -49.64639236229043
234 -49.70393058529731
235 -49.82885028085292
236 -49.952513117061514
237 -50.05698014142087
238 -50.15907483465707
239 -50.17141558744389
240 -50.203461201264076
241 -50.23103023781724
242 -50.254145886674614
243 -50.29802078447956
244 -50.394290897092496
245 -50.46930193162952
246 -50.53407358447885
247 -50.57424164155681
248 -50.59808951727595
249 -50.63678340131024
250 -50.672665250567306
251 -50.7325104961771
252 -50.78653230958514
253 -50.838170567053666
254 -50.86643930980918
255 -50.88226106936476
256 -50.90999611309229
257 -50.96588347418388
258 -51.00645210450086
259 -51.104482619331804
260 -51.158264787331994
261 -51.27565028966322
262 -51.36300524112437
263 -51.4339254447391
264 -51.45194932085859
265 -51.50173155466176
266 -51.53435213345206
267 -51.57286462052336
268 -51.628883646404034
269 -51.67388792607553
270 -51.70201996513359
271 -51.71308705785141
272 -51.71525719405031
273 -51.74872572247182
274 -51.822919233337785
275 -51.873033900162454
276 -51.88564954438222
277 -51.89709705323865
278 -51.9347656143252
279 -52.02092966630353
280 -52.079975415647795
281 -52.11380194023842
282 -52.19188534309106
283 -52.221333335170826
284 -52.24200091201779
285 -52.29634389583757
286 -52.29826832200147
287 -52.32796656095312
288 -52.37949500546786
289 -52.42841639885765
290 -52.478674852597365
291 -52.490184830485575
292 -52.50859766072783
293 -52.53533661691603
294 -52.54157565085447
295 -52.5727186508323
296 -52.60408141360577
297 -52.62380122007611
298 -52.65034343446655
299 -52.65569476547247
300 -52.6717300011626
301 -52.700298336216434
302 -52.71222619656501
303 -52.725755136121805
304 -52.74108080437594
305 -52.77306537456947
306 -52.8174020629588
307 -52.83055095901089
308 -52.84238335480208
309 -52.86349736869575
310 -52.90716457697373
311 -52.935556894177736
312 -52.95127290559666
313 -52.987152130702185
314 -53.04221752300932
315 -53.106020471420294
316 -53.118358464447795
317 -53.158671662981135
318 -53.1835326011467
319 -53.209993143278965
320 -53.246853960029824
321 -53.257554916763496
322 -53.286355390788444
323 -53.340300882306266
324 -53.36786022992341
325 -53.394651261752045
326 -53.40814751770304
327 -53.41798016666681
328 -53.43077701877611
329 -53.4475108961628
330 -53.458355301940614
331 -53.46644618176367
332 -53.49306647119488
333 -53.536002384133795
334 -53.586650521884835
335 -53.6384906923214
336 -53.68549479500331
337 -53.734662857502585
338 -53.76730197083426
339 -53.795322119386206
340 -53.82051137588503
341 -53.83660707380277
342 -53.864126941788385
343 -53.90333189226598
344 -53.93484074778446
345 -53.95602132856858
346 -54.00262511434674
347 -54.0230996756982
348 -54.02728402910472
349 -54.048646494799726
350 -54.08421851955595
351 -54.09471444699605
352 -54.12073565359792
353 -54.156751692635225
354 -54.19827879356824
355 -54.22175593572723
356 -54.25151562319219
357 -54.27660944850962
358 -54.30740980037895
359 -54.3152301105157
360 -54.354181655925146
361 -54.381314980064495
362 -54.39770287885556
363 -54.42322051509686
364 -54.45775592110875
365 -54.47448201411265
366 -54.48811745801606
367 -54.51155769733374
368 -54.53617654730699
369 -54.56712638666504
370 -54.61338352581603
371 -54.65765072713586
372 -54.69561488398461
373 -54.729423181615694
374 -54.734828688068674
375 -54.757767258151816
376 -54.78923238192051
377 -54.80955012941995
378 -54.82666147013637
379 -54.86220982483776
380 -54.902016131852655
381 -54.91359470856497
382 -54.92448977752004
383 -54.927249912449156
384 -54.94219555474963
385 -54.95127502091175
386 -54.97376347151949
387 -54.9776725377253
388 -54.99797138220973
389 -55.01650042377091
390 -55.045038033472984
391 -55.060674316569674
392 -55.08556789591525
393 -55.108177584352916
394 -55.11360272068268
395 -55.13559897876691
396 -55.16600211823513
397 -55.189905179779174
398 -55.213164948711636
399 -55.23212572923529
400 -55.251181796426835
401 -55.25777380058955
402 -55.26682190532124
403 -55.2688097081248
404 -55.27995889115225
405 -55.287174783406385
406 -55.297631391427984
407 -55.32071869958886
408 -55.33977290806373
409 -55.3674357240881
410 -55.38937223522298
411 -55.399935283836356
412 -55.41931841078545
413 -55.42865027235635
414 -55.437808216016585
415 -55.45012530155535
416 -55.471651101611684
417 -55.492049201639915
418 -55.4994624314654
419 -55.50138705029924
420 -55.50280876461519
421 -55.505693959242436
422 -55.50814309414106
423 -55.51978488782083
424 -55.52591842580165
425 -55.53595975425387
426 -55.544437311943796
427 -55.54647426042153
428 -55.55578118915821
429 -55.56616466308887
430 -55.57872372777675
431 -55.598786885737425
432 -55.61681568273772
433 -55.63864225908354
434 -55.65376066346701
435 -55.66337999858736
436 -55.67160559800868
437 -55.68537220097035
438 -55.69658640017471
439 -55.70836210337677
440 -55.71223929220165
441 -55.72117288888853
442 -55.7387643390676
443 -55.75912813563334
444 -55.777520160800464
445 -55.79413133586576
446 -55.81587075807621
447 -55.832083065612224
448 -55.848037673608374
449 -55.864098820889666
450 -55.88180627029982
451 -55.89949455372853
452 -55.91679174090103
453 -55.92296544687456
454 -55.93328106638123
455 -55.94096758929268
456 -55.943621289568384
457 -55.94457015124692
458 -55.95107353250721
459 -55.96610126349057
460 -55.983381310746886
461 -55.99963584475391
462 -56.013738551461245
463 -56.02656076122176
464 -56.03788663700418
465 -56.0427166841755
466 -56.04479755690683
467 -56.04557874404094
468 -56.05186260460448
469 -56.06678456663997
470 -56.07876270043672
471 -56.092408742688924
472 -56.10806816414389
473 -56.12176455990941
474 -56.13646346714979
475 -56.14653158871228
476 -56.14741064747892
477 -56.15286508411138
478 -56.15781944432011
479 -56.16386249767774
480 -56.181943371106875
481 -56.19950891265626
482 -56.206796582335954
483 -56.213290501079356
484 -56.23077612168732
485 -56.24618596878791
486 -56.255096870992475
487 -56.26838227045205
488 -56.28346930693844
489 -56.298316531666494
490 -56.30414503408264
491 -56.304975991362426
492 -56.30579566457824
493 -56.31095238138255
494 -56.322653304598546
495 -56.33567445844439
496 -56.348438175758034
497 -56.354481164788666
498 -56.36220187492529
499 -56.371729237045926
500 -56.38455959443035
501 -56.397595091656186
502 -56.41185223354327
503 -56.42653042800019
504 -56.439609221178614
505 -56.45509751024677
506 -56.45655925192662
507 -56.4603001937306
508 -56.4619880616341
509 -56.46680845518182
510 -56.48197233735338
511 -56.49580145254793
512 -56.50913232806121
513 -56.521086636476554
514 -56.524480840824765
515 -56.52873859875186
516 -56.54259181057736
517 -56.556161571373934
518 -56.570225119571234
519 -56.58121165185217
520 -56.58692413962504
521 -56.59816584553974
522 -56.59901100309706
523 -56.60466703315561
524 -56.6175833621339
525 -56.62367244650579
526 -56.62871159407655
527 -56.63108671046393
528 -56.636013717224955
529 -56.6478738622068
530 -56.65939597534525
531 -56.67058969105265
532 -56.68205603547969
533 -56.69180967837261
534 -56.70210146045429
535 -56.70886422752642
536 -56.7153780503116
537 -56.72512458548464
538 -56.73045097125677
539 -56.737755462368945
540 -56.73971261890725
541 -56.74414158437426
542 -56.750596199354355
543 -56.761870002148186
544 -56.76729825898133
545 -56.77437293560438
546 -56.785247926278
547 -56.796019211423115
548 -56.8056825149454
549 -56.81712703475071
550 -56.8279479270232
551 -56.83885374582164
552 -56.84669260495677
553 -56.85456408583249
554 -56.84469476854299
555 -56.84514287982779
556 -56.854606949354206
557 -56.85535691304416
558 -56.86020194944072
559 -56.86234465723793
560 -56.865229867699966
561 -56.8657827669882
562 -56.88035484355602
563 -56.88874573655244
564 -56.89267952767504
565 -56.89369532462831
566 -56.897707135322705
567 -56.90630123155855
568 -56.91165990410849
569 -56.91939136807794
570 -56.92465065010465
571 -56.92622046108001
572 -56.92969789241488
573 -56.93372494457175
574 -56.93846721570499
575 -56.93902156638645
576 -56.942262124145074
577 -56.95322156468018
578 -56.96202339636352
579 -56.96521158419458
580 -56.968422115353164
581 -56.9687165668559
582 -56.970782167886625
583 -56.9756621648102
584 -56.97794079686202
585 -56.98145248524477
586 -56.98395018487164
587 -56.98783764099426
588 -56.99568147621126
589 -56.995742766437644
590 -56.99892369296319
591 -57.00244279083435
592 -57.00763595908762
593 -57.01190454613911
594 -57.0122624937724
595 -57.0122624937724
596 -57.0122624937724
597 -57.0122624937724
598 -57.0122624937724
599 -57.0122624937724
600 -57.0122624937724
601 -57.0122624937724
602 -57.0122624937724
603 -57.0122624937724
604 -57.0122624937724
605 -57.0122624937724
606 -57.0122624937724
607 -57.0122624937724
608 -57.0122624937724
609 -57.0122624937724
610 -57.0122624937724
611 -57.0122624937724
612 -57.0122624937724
613 -57.0122624937724
614 -57.0122624937724
615 -57.0122624937724
616 -57.0122624937724
617 -57.0122624937724
618 -57.0122624937724
619 -57.0122624937724
620 -57.0122624937724
621 -57.0122624937724
622 -57.0122624937724
623 -57.0122624937724
624 -57.0122624937724
625 -57.0122624937724
626 -57.0122624937724
627 -57.0122624937724
628 -57.0122624937724
629 -57.0122624937724
630 -57.0122624937724
631 -57.0122624937724
632 -57.0122624937724
633 -57.0122624937724
634 -57.0122624937724
635 -57.0122624937724
636 -57.0122624937724
637 -57.0122624937724
638 -57.0122624937724
639 -57.0122624937724
640 -57.0122624937724
641 -57.0122624937724
642 -57.0122624937724
643 -57.0122624937724
644 -57.0122624937724
645 -57.0122624937724
646 -57.0122624937724
647 -57.0122624937724
648 -57.0122624937724
649 -57.0122624937724
650 -57.0122624937724
651 -57.0122624937724
652 -57.0122624937724
653 -57.0122624937724
654 -57.0122624937724
655 -57.0122624937724
656 -57.0122624937724
657 -57.0122624937724
658 -57.0122624937724
659 -57.0122624937724
660 -57.0122624937724
661 -57.0122624937724
662 -57.0122624937724
663 -57.0122624937724
664 -57.0122624937724
665 -57.0122624937724
666 -57.0122624937724
667 -57.0122624937724
668 -57.0122624937724
669 -57.0122624937724
670 -57.0122624937724
671 -57.0122624937724
672 -57.0122624937724
673 -57.0122624937724
674 -57.0122624937724
675 -57.0122624937724
676 -57.0122624937724
677 -57.0122624937724
678 -57.0122624937724
679 -57.0122624937724
680 -57.0122624937724
681 -57.0122624937724
682 -57.0122624937724
683 -57.0122624937724
684 -57.0122624937724
685 -57.0122624937724
686 -57.0122624937724
687 -57.0122624937724
688 -57.0122624937724
689 -57.0122624937724
690 -57.0122624937724
691 -57.0122624937724
692 -57.0122624937724
693 -57.0122624937724
694 -57.0122624937724
695 -57.0122624937724
696 -57.0122624937724
697 -57.0122624937724
698 -57.0122624937724
699 -57.0122624937724
700 -57.0122624937724
701 -57.0122624937724
702 -57.0122624937724
703 -57.0122624937724
704 -57.0122624937724
705 -57.0122624937724
706 -57.0122624937724
707 -57.0122624937724
708 -57.0122624937724
709 -57.0122624937724
710 -57.0122624937724
711 -57.0122624937724
712 -57.0122624937724
713 -57.0122624937724
714 -57.0122624937724
715 -57.0122624937724
716 -57.0122624937724
717 -57.0122624937724
718 -57.0122624937724
719 -57.0122624937724
720 -57.0122624937724
721 -57.0122624937724
722 -57.0122624937724
723 -57.0122624937724
724 -57.0122624937724
725 -57.0122624937724
726 -57.0122624937724
727 -57.0122624937724
728 -57.0122624937724
729 -57.0122624937724
730 -57.0122624937724
731 -57.0122624937724
732 -57.0122624937724
733 -57.0122624937724
734 -57.0122624937724
735 -57.0122624937724
736 -57.0122624937724
737 -57.0122624937724
738 -57.0122624937724
739 -57.0122624937724
740 -57.0122624937724
741 -57.0122624937724
742 -57.0122624937724
743 -57.0122624937724
744 -57.0122624937724
745 -57.0122624937724
746 -57.0122624937724
747 -57.0122624937724
748 -57.0122624937724
749 -57.0122624937724
750 -57.0122624937724
751 -57.0122624937724
752 -57.0122624937724
753 -57.0122624937724
754 -57.0122624937724
755 -57.0122624937724
756 -57.0122624937724
757 -57.0122624937724
758 -57.0122624937724
759 -57.0122624937724
760 -57.0122624937724
761 -57.0122624937724
762 -57.0122624937724
763 -57.0122624937724
764 -57.0122624937724
765 -57.0122624937724
766 -57.0122624937724
767 -57.0122624937724
768 -57.0122624937724
769 -57.0122624937724
770 -57.0122624937724
771 -57.0122624937724
772 -57.0122624937724
773 -57.0122624937724
774 -57.0122624937724
775 -57.0122624937724
776 -57.0122624937724
777 -57.0122624937724
778 -57.0122624937724
779 -57.0122624937724
780 -57.0122624937724
781 -57.0122624937724
782 -57.0122624937724
783 -57.0122624937724
784 -57.0122624937724
785 -57.0122624937724
786 -57.0122624937724
787 -57.0122624937724
788 -57.0122624937724
789 -57.0122624937724
790 -57.0122624937724
791 -57.0122624937724
792 -57.0122624937724
793 -57.0122624937724
794 -57.0122624937724
795 -57.0122624937724
796 -57.0122624937724
797 -57.0122624937724
798 -57.0122624937724
799 -57.0122624937724
800 -57.0122624937724
801 -57.0122624937724
802 -57.0122624937724
803 -57.0122624937724
804 -57.0122624937724
805 -57.0122624937724
806 -57.0122624937724
807 -57.0122624937724
808 -57.0122624937724
809 -57.0122624937724
810 -57.0122624937724
811 -57.0122624937724
812 -57.0122624937724
813 -57.0122624937724
814 -57.0122624937724
815 -57.0122624937724
816 -57.0122624937724
817 -57.0122624937724
818 -57.0122624937724
819 -57.0122624937724
820 -57.0122624937724
821 -57.0122624937724
822 -57.0122624937724
823 -57.0122624937724
824 -57.0122624937724
825 -57.0122624937724
826 -57.0122624937724
827 -57.0122624937724
828 -57.0122624937724
829 -57.0122624937724
830 -57.0122624937724
831 -57.0122624937724
832 -57.0122624937724
833 -57.0122624937724
834 -57.0122624937724
835 -57.0122624937724
836 -57.0122624937724
837 -57.0122624937724
838 -57.0122624937724
839 -57.0122624937724
840 -57.0122624937724
841 -57.0122624937724
842 -57.0122624937724
843 -57.0122624937724
844 -57.0122624937724
845 -57.0122624937724
846 -57.0122624937724
847 -57.0122624937724
848 -57.0122624937724
849 -57.0122624937724
850 -57.0122624937724
851 -57.0122624937724
852 -57.0122624937724
853 -57.0122624937724
854 -57.0122624937724
855 -57.0122624937724
856 -57.0122624937724
857 -57.0122624937724
858 -57.0122624937724
859 -57.0122624937724
860 -57.0122624937724
861 -57.0122624937724
862 -57.0122624937724
863 -57.0122624937724
864 -57.0122624937724
865 -57.0122624937724
866 -57.0122624937724
867 -57.0122624937724
868 -57.0122624937724
869 -57.0122624937724
870 -57.0122624937724
871 -57.0122624937724
872 -57.0122624937724
873 -57.0122624937724
874 -57.0122624937724
875 -57.0122624937724
876 -57.0122624937724
877 -57.0122624937724
878 -57.0122624937724
879 -57.0122624937724
880 -57.0122624937724
881 -57.0122624937724
882 -57.0122624937724
883 -57.0122624937724
884 -57.0122624937724
885 -57.0122624937724
886 -57.0122624937724
887 -57.0122624937724
888 -57.0122624937724
889 -57.0122624937724
890 -57.0122624937724
891 -57.0122624937724
892 -57.0122624937724
893 -57.0122624937724
894 -57.0122624937724
895 -57.0122624937724
896 -57.0122624937724
897 -57.0122624937724
898 -57.0122624937724
899 -57.0122624937724
900 -57.0122624937724
901 -57.0122624937724
902 -57.0122624937724
903 -57.0122624937724
904 -57.0122624937724
905 -57.0122624937724
906 -57.0122624937724
907 -57.0122624937724
908 -57.0122624937724
909 -57.0122624937724
910 -57.0122624937724
911 -57.0122624937724
912 -57.0122624937724
913 -57.0122624937724
914 -57.0122624937724
915 -57.0122624937724
916 -57.0122624937724
917 -57.0122624937724
918 -57.0122624937724
919 -57.0122624937724
920 -57.0122624937724
921 -57.0122624937724
922 -57.0122624937724
923 -57.0122624937724
924 -57.0122624937724
925 -57.0122624937724
926 -57.0122624937724
927 -57.0122624937724
928 -57.0122624937724
929 -57.0122624937724
930 -57.0122624937724
931 -57.0122624937724
932 -57.0122624937724
933 -57.0122624937724
934 -57.0122624937724
935 -57.0122624937724
936 -57.0122624937724
937 -57.0122624937724
938 -57.0122624937724
939 -57.0122624937724
940 -57.0122624937724
941 -57.0122624937724
942 -57.0122624937724
943 -57.0122624937724
944 -57.0122624937724
945 -57.0122624937724
946 -57.0122624937724
947 -57.0122624937724
948 -57.0122624937724
949 -57.0122624937724
950 -57.0122624937724
951 -57.0122624937724
952 -57.0122624937724
953 -57.0122624937724
954 -57.0122624937724
955 -57.0122624937724
956 -57.0122624937724
957 -57.0122624937724
958 -57.0122624937724
959 -57.0122624937724
960 -57.0122624937724
961 -57.0122624937724
962 -57.0122624937724
963 -57.0122624937724
964 -57.0122624937724
965 -57.0122624937724
966 -57.0122624937724
967 -57.0122624937724
968 -57.0122624937724
969 -57.0122624937724
970 -57.0122624937724
971 -57.0122624937724
972 -57.0122624937724
973 -57.0122624937724
974 -57.0122624937724
975 -57.0122624937724
976 -57.0122624937724
977 -57.0122624937724
978 -57.0122624937724
979 -57.0122624937724
980 -57.0122624937724
981 -57.0122624937724
982 -57.0122624937724
983 -57.0122624937724
984 -57.0122624937724
985 -57.0122624937724
986 -57.0122624937724
987 -57.0122624937724
988 -57.0122624937724
989 -57.0122624937724
990 -57.0122624937724
991 -57.0122624937724
992 -57.0122624937724
993 -57.0122624937724
994 -57.0122624937724
995 -57.0122624937724
996 -57.0122624937724
997 -57.0122624937724
998 -57.0122624937724
999 -57.0122624937724
1000 -57.0122624937724
1001 -57.0122624937724
1002 -57.0122624937724
1003 -57.0122624937724
1004 -57.0122624937724
1005 -57.0122624937724
1006 -57.0122624937724
1007 -57.0122624937724
1008 -57.0122624937724
1009 -57.0122624937724
1010 -57.0122624937724
1011 -57.0122624937724
1012 -57.0122624937724
1013 -57.0122624937724
1014 -57.0122624937724
1015 -57.0122624937724
1016 -57.0122624937724
1017 -57.0122624937724
1018 -57.0122624937724
1019 -57.0122624937724
1020 -57.0122624937724
1021 -57.0122624937724
1022 -57.0122624937724
1023 -57.0122624937724
1024 -57.0122624937724
1025 -57.0122624937724
1026 -57.0122624937724
1027 -57.0122624937724
1028 -57.0122624937724
1029 -57.0122624937724
1030 -57.0122624937724
1031 -57.0122624937724
1032 -57.0122624937724
1033 -57.0122624937724
1034 -57.0122624937724
1035 -57.0122624937724
1036 -57.0122624937724
1037 -57.0122624937724
1038 -57.0122624937724
1039 -57.0122624937724
1040 -57.0122624937724
1041 -57.0122624937724
1042 -57.0122624937724
1043 -57.0122624937724
1044 -57.0122624937724
1045 -57.0122624937724
1046 -57.0122624937724
1047 -57.0122624937724
1048 -57.0122624937724
1049 -57.0122624937724
1050 -57.0122624937724
1051 -57.0122624937724
1052 -57.0122624937724
1053 -57.0122624937724
1054 -57.0122624937724
1055 -57.0122624937724
1056 -57.0122624937724
1057 -57.0122624937724
1058 -57.0122624937724
1059 -57.0122624937724
1060 -57.0122624937724
1061 -57.0122624937724
1062 -57.0122624937724
1063 -57.0122624937724
1064 -57.0122624937724
1065 -57.0122624937724
1066 -57.0122624937724
1067 -57.0122624937724
1068 -57.0122624937724
1069 -57.0122624937724
1070 -57.0122624937724
1071 -57.0122624937724
1072 -57.0122624937724
1073 -57.0122624937724
1074 -57.0122624937724
1075 -57.0122624937724
1076 -57.0122624937724
1077 -57.0122624937724
1078 -57.0122624937724
1079 -57.0122624937724
1080 -57.0122624937724
1081 -57.0122624937724
1082 -57.0122624937724
1083 -57.0122624937724
1084 -57.0122624937724
1085 -57.0122624937724
1086 -57.0122624937724
1087 -57.0122624937724
1088 -57.0122624937724
1089 -57.0122624937724
1090 -57.0122624937724
1091 -57.0122624937724
1092 -57.0122624937724
1093 -57.0122624937724
1094 -57.0122624937724
1095 -57.0122624937724
1096 -57.0122624937724
1097 -57.0122624937724
1098 -57.0122624937724
1099 -57.0122624937724
1100 -57.0122624937724
1101 -57.0122624937724
1102 -57.0122624937724
1103 -57.0122624937724
1104 -57.0122624937724
1105 -57.0122624937724
1106 -57.0122624937724
1107 -57.0122624937724
1108 -57.0122624937724
1109 -57.0122624937724
1110 -57.0122624937724
1111 -57.0122624937724
1112 -57.0122624937724
1113 -57.0122624937724
1114 -57.0122624937724
1115 -57.0122624937724
1116 -57.0122624937724
1117 -57.0122624937724
1118 -57.0122624937724
1119 -57.0122624937724
1120 -57.0122624937724
1121 -57.0122624937724
1122 -57.0122624937724
1123 -57.0122624937724
1124 -57.0122624937724
1125 -57.0122624937724
1126 -57.0122624937724
1127 -57.0122624937724
1128 -57.0122624937724
1129 -57.0122624937724
1130 -57.0122624937724
1131 -57.0122624937724
1132 -57.0122624937724
1133 -57.0122624937724
1134 -57.0122624937724
1135 -57.0122624937724
1136 -57.0122624937724
1137 -57.0122624937724
1138 -57.0122624937724
1139 -57.0122624937724
1140 -57.0122624937724
1141 -57.0122624937724
1142 -57.0122624937724
1143 -57.0122624937724
1144 -57.0122624937724
1145 -57.0122624937724
1146 -57.0122624937724
1147 -57.0122624937724
1148 -57.0122624937724
1149 -57.0122624937724
1150 -57.0122624937724
1151 -57.0122624937724
1152 -57.0122624937724
1153 -57.0122624937724
1154 -57.0122624937724
1155 -57.0122624937724
1156 -57.0122624937724
1157 -57.0122624937724
1158 -57.0122624937724
1159 -57.0122624937724
1160 -57.0122624937724
1161 -57.0122624937724
1162 -57.0122624937724
1163 -57.0122624937724
1164 -57.0122624937724
1165 -57.0122624937724
1166 -57.0122624937724
1167 -57.0122624937724
1168 -57.0122624937724
1169 -57.0122624937724
1170 -57.0122624937724
1171 -57.0122624937724
1172 -57.0122624937724
1173 -57.0122624937724
1174 -57.0122624937724
1175 -57.0122624937724
1176 -57.0122624937724
1177 -57.0122624937724
1178 -57.0122624937724
1179 -57.0122624937724
1180 -57.0122624937724
1181 -57.0122624937724
1182 -57.0122624937724
1183 -57.0122624937724
1184 -57.0122624937724
1185 -57.0122624937724
1186 -57.0122624937724
1187 -57.0122624937724
1188 -57.0122624937724
1189 -57.0122624937724
1190 -57.0122624937724
1191 -57.0122624937724
1192 -57.0122624937724
1193 -57.0122624937724
1194 -57.0122624937724
1195 -57.0122624937724
1196 -57.0122624937724
1197 -57.0122624937724
1198 -57.0122624937724
1199 -57.0122624937724
1200 -57.0122624937724
1201 -57.0122624937724
1202 -57.0122624937724
1203 -57.0122624937724
1204 -57.0122624937724
1205 -57.0122624937724
1206 -57.0122624937724
1207 -57.0122624937724
1208 -57.0122624937724
1209 -57.0122624937724
1210 -57.0122624937724
1211 -57.0122624937724
1212 -57.0122624937724
1213 -57.0122624937724
1214 -57.0122624937724
1215 -57.0122624937724
1216 -57.0122624937724
1217 -57.0122624937724
1218 -57.0122624937724
1219 -57.0122624937724
1220 -57.0122624937724
1221 -57.0122624937724
1222 -57.0122624937724
1223 -57.0122624937724
1224 -57.0122624937724
1225 -57.0122624937724
1226 -57.0122624937724
1227 -57.0122624937724
1228 -57.0122624937724
1229 -57.0122624937724
1230 -57.0122624937724
1231 -57.0122624937724
1232 -57.0122624937724
1233 -57.0122624937724
1234 -57.0122624937724
1235 -57.0122624937724
1236 -57.0122624937724
1237 -57.0122624937724
1238 -57.0122624937724
1239 -57.0122624937724
1240 -57.0122624937724
1241 -57.0122624937724
1242 -57.0122624937724
1243 -57.0122624937724
1244 -57.0122624937724
1245 -57.0122624937724
1246 -57.0122624937724
1247 -57.0122624937724
1248 -57.0122624937724
1249 -57.0122624937724
1250 -57.0122624937724
1251 -57.0122624937724
1252 -57.0122624937724
1253 -57.0122624937724
1254 -57.0122624937724
1255 -57.0122624937724
1256 -57.0122624937724
1257 -57.0122624937724
1258 -57.0122624937724
1259 -57.0122624937724
1260 -57.0122624937724
1261 -57.0122624937724
1262 -57.0122624937724
1263 -57.0122624937724
1264 -57.0122624937724
1265 -57.0122624937724
1266 -57.0122624937724
1267 -57.0122624937724
1268 -57.0122624937724
1269 -57.0122624937724
1270 -57.0122624937724
1271 -57.0122624937724
1272 -57.0122624937724
1273 -57.0122624937724
1274 -57.0122624937724
1275 -57.0122624937724
1276 -57.0122624937724
1277 -57.0122624937724
1278 -57.0122624937724
1279 -57.0122624937724
1280 -57.0122624937724
1281 -57.0122624937724
1282 -57.0122624937724
1283 -57.0122624937724
1284 -57.0122624937724
1285 -57.0122624937724
1286 -57.0122624937724
1287 -57.0122624937724
1288 -57.0122624937724
1289 -57.0122624937724
1290 -57.0122624937724
1291 -57.0122624937724
1292 -57.0122624937724
1293 -57.0122624937724
1294 -57.0122624937724
1295 -57.0122624937724
1296 -57.0122624937724
1297 -57.0122624937724
1298 -57.0122624937724
1299 -57.0122624937724
1300 -57.0122624937724
1301 -57.0122624937724
1302 -57.0122624937724
1303 -57.0122624937724
1304 -57.0122624937724
1305 -57.0122624937724
1306 -57.0122624937724
1307 -57.0122624937724
1308 -57.0122624937724
1309 -57.0122624937724
1310 -57.0122624937724
1311 -57.0122624937724
1312 -57.0122624937724
1313 -57.0122624937724
1314 -57.0122624937724
1315 -57.0122624937724
1316 -57.0122624937724
1317 -57.0122624937724
1318 -57.0122624937724
1319 -57.0122624937724
1320 -57.0122624937724
1321 -57.0122624937724
1322 -57.0122624937724
1323 -57.0122624937724
1324 -57.0122624937724
1325 -57.0122624937724
1326 -57.0122624937724
1327 -57.0122624937724
1328 -57.0122624937724
1329 -57.0122624937724
1330 -57.0122624937724
1331 -57.0122624937724
1332 -57.0122624937724
1333 -57.0122624937724
1334 -57.0122624937724
1335 -57.0122624937724
1336 -57.0122624937724
1337 -57.0122624937724
1338 -57.0122624937724
1339 -57.0122624937724
1340 -57.0122624937724
1341 -57.0122624937724
1342 -57.0122624937724
1343 -57.0122624937724
1344 -57.0122624937724
1345 -57.0122624937724
1346 -57.0122624937724
1347 -57.0122624937724
1348 -57.0122624937724
1349 -57.0122624937724
1350 -57.0122624937724
1351 -57.0122624937724
1352 -57.0122624937724
1353 -57.0122624937724
1354 -57.0122624937724
1355 -57.0122624937724
1356 -57.0122624937724
1357 -57.0122624937724
1358 -57.0122624937724
1359 -57.0122624937724
1360 -57.0122624937724
1361 -57.0122624937724
1362 -57.0122624937724
1363 -57.0122624937724
1364 -57.0122624937724
1365 -57.0122624937724
1366 -57.0122624937724
1367 -57.0122624937724
1368 -57.0122624937724
1369 -57.0122624937724
1370 -57.0122624937724
1371 -57.0122624937724
1372 -57.0122624937724
1373 -57.0122624937724
1374 -57.0122624937724
1375 -57.0122624937724
1376 -57.0122624937724
1377 -57.0122624937724
1378 -57.0122624937724
1379 -57.0122624937724
1380 -57.0122624937724
1381 -57.0122624937724
1382 -57.0122624937724
1383 -57.0122624937724
1384 -57.0122624937724
1385 -57.0122624937724
1386 -57.0122624937724
1387 -57.0122624937724
1388 -57.0122624937724
1389 -57.0122624937724
1390 -57.0122624937724
1391 -57.0122624937724
1392 -57.0122624937724
1393 -57.0122624937724
1394 -57.0122624937724
1395 -57.0122624937724
1396 -57.0122624937724
1397 -57.0122624937724
1398 -57.0122624937724
1399 -57.0122624937724
1400 -57.0122624937724
1401 -57.0122624937724
1402 -57.0122624937724
1403 -57.0122624937724
1404 -57.0122624937724
1405 -57.0122624937724
1406 -57.0122624937724
1407 -57.0122624937724
1408 -57.0122624937724
1409 -57.0122624937724
1410 -57.0122624937724
1411 -57.0122624937724
1412 -57.0122624937724
1413 -57.0122624937724
1414 -57.0122624937724
1415 -57.0122624937724
1416 -57.0122624937724
1417 -57.0122624937724
1418 -57.0122624937724
1419 -57.0122624937724
1420 -57.0122624937724
1421 -57.0122624937724
1422 -57.0122624937724
1423 -57.0122624937724
1424 -57.0122624937724
1425 -57.0122624937724
1426 -57.0122624937724
1427 -57.0122624937724
1428 -57.0122624937724
1429 -57.0122624937724
1430 -57.0122624937724
1431 -57.0122624937724
1432 -57.0122624937724
1433 -57.0122624937724
1434 -57.0122624937724
1435 -57.0122624937724
1436 -57.0122624937724
1437 -57.0122624937724
1438 -57.0122624937724
1439 -57.0122624937724
1440 -57.0122624937724
1441 -57.0122624937724
1442 -57.0122624937724
1443 -57.0122624937724
1444 -57.0122624937724
1445 -57.0122624937724
1446 -57.0122624937724
1447 -57.0122624937724
1448 -57.0122624937724
1449 -57.0122624937724
1450 -57.0122624937724
1451 -57.0122624937724
1452 -57.0122624937724
1453 -57.0122624937724
1454 -57.0122624937724
1455 -57.0122624937724
1456 -57.0122624937724
1457 -57.0122624937724
1458 -57.0122624937724
1459 -57.0122624937724
1460 -57.0122624937724
1461 -57.0122624937724
1462 -57.0122624937724
1463 -57.0122624937724
1464 -57.0122624937724
1465 -57.0122624937724
1466 -57.0122624937724
1467 -57.0122624937724
1468 -57.0122624937724
1469 -57.0122624937724
1470 -57.0122624937724
1471 -57.0122624937724
1472 -57.0122624937724
1473 -57.0122624937724
1474 -57.0122624937724
1475 -57.0122624937724
1476 -57.0122624937724
1477 -57.0122624937724
1478 -57.0122624937724
1479 -57.0122624937724
1480 -57.0122624937724
1481 -57.0122624937724
1482 -57.0122624937724
1483 -57.0122624937724
1484 -57.0122624937724
1485 -57.0122624937724
1486 -57.0122624937724
1487 -57.0122624937724
1488 -57.0122624937724
1489 -57.0122624937724
1490 -57.0122624937724
1491 -57.0122624937724
1492 -57.0122624937724
1493 -57.0122624937724
1494 -57.0122624937724
1495 -57.0122624937724
1496 -57.0122624937724
1497 -57.0122624937724
1498 -57.0122624937724
1499 -57.0122624937724
1500 -57.0122624937724
1501 -57.0122624937724
1502 -57.0122624937724
1503 -57.0122624937724
1504 -57.0122624937724
1505 -57.0122624937724
1506 -57.0122624937724
1507 -57.0122624937724
1508 -57.0122624937724
1509 -57.0122624937724
1510 -57.0122624937724
1511 -57.0122624937724
1512 -57.0122624937724
1513 -57.0122624937724
1514 -57.0122624937724
1515 -57.0122624937724
1516 -57.0122624937724
1517 -57.0122624937724
1518 -57.0122624937724
1519 -57.0122624937724
1520 -57.0122624937724
1521 -57.0122624937724
1522 -57.0122624937724
1523 -57.0122624937724
1524 -57.0122624937724
1525 -57.0122624937724
1526 -57.0122624937724
1527 -57.0122624937724
1528 -57.0122624937724
1529 -57.0122624937724
1530 -57.0122624937724
1531 -57.0122624937724
1532 -57.0122624937724
1533 -57.0122624937724
1534 -57.0122624937724
1535 -57.0122624937724
1536 -57.0122624937724
1537 -57.0122624937724
1538 -57.0122624937724
1539 -57.0122624937724
1540 -57.0122624937724
1541 -57.0122624937724
1542 -57.0122624937724
1543 -57.0122624937724
1544 -57.0122624937724
1545 -57.0122624937724
1546 -57.0122624937724
1547 -57.0122624937724
1548 -57.0122624937724
1549 -57.0122624937724
1550 -57.0122624937724
1551 -57.0122624937724
1552 -57.0122624937724
1553 -57.0122624937724
1554 -57.0122624937724
1555 -57.0122624937724
1556 -57.0122624937724
1557 -57.0122624937724
1558 -57.0122624937724
1559 -57.0122624937724
1560 -57.0122624937724
1561 -57.0122624937724
1562 -57.0122624937724
1563 -57.0122624937724
1564 -57.0122624937724
1565 -57.0122624937724
1566 -57.0122624937724
1567 -57.0122624937724
1568 -57.0122624937724
1569 -57.0122624937724
1570 -57.0122624937724
1571 -57.0122624937724
1572 -57.0122624937724
1573 -57.0122624937724
1574 -57.0122624937724
1575 -57.0122624937724
1576 -57.0122624937724
1577 -57.0122624937724
1578 -57.0122624937724
1579 -57.0122624937724
1580 -57.0122624937724
1581 -57.0122624937724
1582 -57.0122624937724
1583 -57.0122624937724
1584 -57.0122624937724
1585 -57.0122624937724
1586 -57.0122624937724
1587 -57.0122624937724
1588 -57.0122624937724
1589 -57.0122624937724
1590 -57.0122624937724
1591 -57.0122624937724
1592 -57.0122624937724
1593 -57.0122624937724
1594 -57.0122624937724
1595 -57.0122624937724
1596 -57.0122624937724
1597 -57.0122624937724
1598 -57.0122624937724
1599 -57.0122624937724
1600 -57.0122624937724
1601 -57.0122624937724
1602 -57.0122624937724
1603 -57.0122624937724
1604 -57.0122624937724
1605 -57.0122624937724
1606 -57.0122624937724
1607 -57.0122624937724
1608 -57.0122624937724
1609 -57.0122624937724
1610 -57.0122624937724
1611 -57.0122624937724
1612 -57.0122624937724
1613 -57.0122624937724
1614 -57.0122624937724
1615 -57.0122624937724
1616 -57.0122624937724
1617 -57.0122624937724
1618 -57.0122624937724
1619 -57.0122624937724
1620 -57.0122624937724
1621 -57.0122624937724
1622 -57.0122624937724
1623 -57.0122624937724
1624 -57.0122624937724
1625 -57.0122624937724
1626 -57.0122624937724
1627 -57.0122624937724
1628 -57.0122624937724
1629 -57.0122624937724
1630 -57.0122624937724
1631 -57.0122624937724
1632 -57.0122624937724
1633 -57.0122624937724
1634 -57.0122624937724
1635 -57.0122624937724
1636 -57.0122624937724
1637 -57.0122624937724
1638 -57.0122624937724
1639 -57.0122624937724
1640 -57.0122624937724
1641 -57.0122624937724
1642 -57.0122624937724
1643 -57.0122624937724
1644 -57.0122624937724
1645 -57.0122624937724
1646 -57.0122624937724
1647 -57.0122624937724
1648 -57.0122624937724
1649 -57.0122624937724
1650 -57.0122624937724
1651 -57.0122624937724
1652 -57.0122624937724
1653 -57.0122624937724
1654 -57.0122624937724
1655 -57.0122624937724
1656 -57.0122624937724
1657 -57.0122624937724
1658 -57.0122624937724
1659 -57.0122624937724
1660 -57.0122624937724
1661 -57.0122624937724
1662 -57.0122624937724
1663 -57.0122624937724
1664 -57.0122624937724
1665 -57.0122624937724
1666 -57.0122624937724
1667 -57.0122624937724
1668 -57.0122624937724
1669 -57.0122624937724
1670 -57.0122624937724
1671 -57.0122624937724
1672 -57.0122624937724
1673 -57.0122624937724
1674 -57.0122624937724
1675 -57.0122624937724
1676 -57.0122624937724
1677 -57.0122624937724
1678 -57.0122624937724
1679 -57.0122624937724
1680 -57.0122624937724
1681 -57.0122624937724
1682 -57.0122624937724
1683 -57.0122624937724
1684 -57.0122624937724
1685 -57.0122624937724
1686 -57.0122624937724
1687 -57.0122624937724
1688 -57.0122624937724
1689 -57.0122624937724
1690 -57.0122624937724
1691 -57.0122624937724
1692 -57.0122624937724
1693 -57.0122624937724
1694 -57.0122624937724
1695 -57.0122624937724
1696 -57.0122624937724
1697 -57.0122624937724
1698 -57.0122624937724
1699 -57.0122624937724
1700 -57.0122624937724
1701 -57.0122624937724
1702 -57.0122624937724
1703 -57.0122624937724
1704 -57.0122624937724
1705 -57.0122624937724
1706 -57.0122624937724
1707 -57.0122624937724
1708 -57.0122624937724
1709 -57.0122624937724
1710 -57.0122624937724
1711 -57.0122624937724
1712 -57.0122624937724
1713 -57.0122624937724
1714 -57.0122624937724
1715 -57.0122624937724
1716 -57.0122624937724
1717 -57.0122624937724
1718 -57.0122624937724
1719 -57.0122624937724
1720 -57.0122624937724
1721 -57.0122624937724
1722 -57.0122624937724
1723 -57.0122624937724
1724 -57.0122624937724
1725 -57.0122624937724
1726 -57.0122624937724
1727 -57.0122624937724
1728 -57.0122624937724
1729 -57.0122624937724
1730 -57.0122624937724
1731 -57.0122624937724
1732 -57.0122624937724
1733 -57.0122624937724
1734 -57.0122624937724
1735 -57.0122624937724
1736 -57.0122624937724
1737 -57.0122624937724
1738 -57.0122624937724
1739 -57.0122624937724
1740 -57.0122624937724
1741 -57.0122624937724
1742 -57.0122624937724
1743 -57.0122624937724
1744 -57.0122624937724
1745 -57.0122624937724
1746 -57.0122624937724
1747 -57.0122624937724
1748 -57.0122624937724
1749 -57.0122624937724
1750 -57.0122624937724
1751 -57.0122624937724
1752 -57.0122624937724
1753 -57.0122624937724
1754 -57.0122624937724
1755 -57.0122624937724
1756 -57.0122624937724
1757 -57.0122624937724
1758 -57.0122624937724
1759 -57.0122624937724
1760 -57.0122624937724
1761 -57.0122624937724
1762 -57.0122624937724
1763 -57.0122624937724
1764 -57.0122624937724
1765 -57.0122624937724
1766 -57.0122624937724
1767 -57.0122624937724
1768 -57.0122624937724
1769 -57.0122624937724
1770 -57.0122624937724
1771 -57.0122624937724
1772 -57.0122624937724
1773 -57.0122624937724
1774 -57.0122624937724
1775 -57.0122624937724
1776 -57.0122624937724
1777 -57.0122624937724
1778 -57.0122624937724
1779 -57.0122624937724
1780 -57.0122624937724
1781 -57.0122624937724
1782 -57.0122624937724
1783 -57.0122624937724
1784 -57.0122624937724
1785 -57.0122624937724
1786 -57.0122624937724
1787 -57.0122624937724
1788 -57.0122624937724
1789 -57.0122624937724
1790 -57.0122624937724
1791 -57.0122624937724
1792 -57.0122624937724
1793 -57.0122624937724
1794 -57.0122624937724
1795 -57.0122624937724
1796 -57.0122624937724
1797 -57.0122624937724
1798 -57.0122624937724
1799 -57.0122624937724
1800 -57.0122624937724
1801 -57.0122624937724
1802 -57.0122624937724
1803 -57.0122624937724
1804 -57.0122624937724
1805 -57.0122624937724
1806 -57.0122624937724
1807 -57.0122624937724
1808 -57.0122624937724
1809 -57.0122624937724
1810 -57.0122624937724
1811 -57.0122624937724
1812 -57.0122624937724
1813 -57.0122624937724
1814 -57.0122624937724
1815 -57.0122624937724
1816 -57.0122624937724
1817 -57.0122624937724
1818 -57.0122624937724
1819 -57.0122624937724
1820 -57.0122624937724
1821 -57.0122624937724
1822 -57.0122624937724
1823 -57.0122624937724
1824 -57.0122624937724
1825 -57.0122624937724
1826 -57.0122624937724
1827 -57.0122624937724
1828 -57.0122624937724
1829 -57.0122624937724
1830 -57.0122624937724
1831 -57.0122624937724
1832 -57.0122624937724
1833 -57.0122624937724
1834 -57.0122624937724
1835 -57.0122624937724
1836 -57.0122624937724
1837 -57.0122624937724
1838 -57.0122624937724
1839 -57.0122624937724
1840 -57.0122624937724
1841 -57.0122624937724
1842 -57.0122624937724
1843 -57.0122624937724
1844 -57.0122624937724
1845 -57.0122624937724
1846 -57.0122624937724
1847 -57.0122624937724
1848 -57.0122624937724
1849 -57.0122624937724
1850 -57.0122624937724
1851 -57.0122624937724
1852 -57.0122624937724
1853 -57.0122624937724
1854 -57.0122624937724
1855 -57.0122624937724
1856 -57.0122624937724
1857 -57.0122624937724
1858 -57.0122624937724
1859 -57.0122624937724
1860 -57.0122624937724
1861 -57.0122624937724
1862 -57.0122624937724
1863 -57.0122624937724
1864 -57.0122624937724
1865 -57.0122624937724
1866 -57.0122624937724
1867 -57.0122624937724
1868 -57.0122624937724
1869 -57.0122624937724
1870 -57.0122624937724
1871 -57.0122624937724
1872 -57.0122624937724
1873 -57.0122624937724
1874 -57.0122624937724
1875 -57.0122624937724
1876 -57.0122624937724
1877 -57.0122624937724
1878 -57.0122624937724
1879 -57.0122624937724
1880 -57.0122624937724
1881 -57.0122624937724
1882 -57.0122624937724
1883 -57.0122624937724
1884 -57.0122624937724
1885 -57.0122624937724
1886 -57.0122624937724
1887 -57.0122624937724
1888 -57.0122624937724
1889 -57.0122624937724
1890 -57.0122624937724
1891 -57.0122624937724
1892 -57.0122624937724
1893 -57.0122624937724
1894 -57.0122624937724
1895 -57.0122624937724
1896 -57.0122624937724
1897 -57.0122624937724
1898 -57.0122624937724
1899 -57.0122624937724
1900 -57.0122624937724
1901 -57.0122624937724
1902 -57.0122624937724
1903 -57.0122624937724
1904 -57.0122624937724
1905 -57.0122624937724
1906 -57.0122624937724
1907 -57.0122624937724
1908 -57.0122624937724
1909 -57.0122624937724
1910 -57.0122624937724
1911 -57.0122624937724
1912 -57.0122624937724
1913 -57.0122624937724
1914 -57.0122624937724
1915 -57.0122624937724
1916 -57.0122624937724
1917 -57.0122624937724
1918 -57.0122624937724
1919 -57.0122624937724
1920 -57.0122624937724
1921 -57.0122624937724
1922 -57.0122624937724
1923 -57.0122624937724
1924 -57.0122624937724
1925 -57.0122624937724
1926 -57.0122624937724
1927 -57.0122624937724
1928 -57.0122624937724
1929 -57.0122624937724
1930 -57.0122624937724
1931 -57.0122624937724
1932 -57.0122624937724
1933 -57.0122624937724
1934 -57.0122624937724
1935 -57.0122624937724
1936 -57.0122624937724
1937 -57.0122624937724
1938 -57.0122624937724
1939 -57.0122624937724
1940 -57.0122624937724
1941 -57.0122624937724
1942 -57.0122624937724
1943 -57.0122624937724
1944 -57.0122624937724
1945 -57.0122624937724
1946 -57.0122624937724
1947 -57.0122624937724
1948 -57.0122624937724
1949 -57.0122624937724
1950 -57.0122624937724
1951 -57.0122624937724
1952 -57.0122624937724
1953 -57.0122624937724
1954 -57.0122624937724
1955 -57.0122624937724
1956 -57.0122624937724
1957 -57.0122624937724
1958 -57.0122624937724
1959 -57.0122624937724
1960 -57.0122624937724
1961 -57.0122624937724
1962 -57.0122624937724
1963 -57.0122624937724
1964 -57.0122624937724
1965 -57.0122624937724
1966 -57.0122624937724
1967 -57.0122624937724
1968 -57.0122624937724
1969 -57.0122624937724
1970 -57.0122624937724
1971 -57.0122624937724
1972 -57.0122624937724
1973 -57.0122624937724
1974 -57.0122624937724
1975 -57.0122624937724
1976 -57.0122624937724
1977 -57.0122624937724
1978 -57.0122624937724
1979 -57.0122624937724
1980 -57.0122624937724
1981 -57.0122624937724
1982 -57.0122624937724
1983 -57.0122624937724
1984 -57.0122624937724
1985 -57.0122624937724
1986 -57.0122624937724
1987 -57.0122624937724
1988 -57.0122624937724
1989 -57.0122624937724
1990 -57.0122624937724
1991 -57.0122624937724
1992 -57.0122624937724
1993 -57.0122624937724
1994 -57.0122624937724
1995 -57.0122624937724
1996 -57.0122624937724
1997 -57.0122624937724
1998 -57.0122624937724
1999 -57.0122624937724
2000 -57.0122624937724
2001 -57.0122624937724
2002 -57.0122624937724
2003 -57.0122624937724
2004 -57.0122624937724
2005 -57.0122624937724
2006 -57.0122624937724
2007 -57.0122624937724
2008 -57.0122624937724
2009 -57.0122624937724
2010 -57.0122624937724
2011 -57.0122624937724
2012 -57.0122624937724
2013 -57.0122624937724
2014 -57.0122624937724
2015 -57.0122624937724
2016 -57.0122624937724
2017 -57.0122624937724
2018 -57.0122624937724
2019 -57.0122624937724
2020 -57.0122624937724
2021 -57.0122624937724
2022 -57.0122624937724
2023 -57.0122624937724
2024 -57.0122624937724
2025 -57.0122624937724
2026 -57.0122624937724
2027 -57.0122624937724
2028 -57.0122624937724
2029 -57.0122624937724
2030 -57.0122624937724
2031 -57.0122624937724
2032 -57.0122624937724
2033 -57.0122624937724
2034 -57.0122624937724
2035 -57.0122624937724
2036 -57.0122624937724
2037 -57.0122624937724
2038 -57.0122624937724
2039 -57.0122624937724
2040 -57.0122624937724
2041 -57.0122624937724
2042 -57.0122624937724
2043 -57.0122624937724
2044 -57.0122624937724
2045 -57.0122624937724
2046 -57.0122624937724
2047 -57.0122624937724
2048 -57.0122624937724
2049 -57.0122624937724
2050 -57.0122624937724
2051 -57.0122624937724
2052 -57.0122624937724
2053 -57.0122624937724
2054 -57.0122624937724
2055 -57.0122624937724
2056 -57.0122624937724
2057 -57.0122624937724
2058 -57.0122624937724
2059 -57.0122624937724
2060 -57.0122624937724
2061 -57.0122624937724
2062 -57.0122624937724
2063 -57.0122624937724
2064 -57.0122624937724
2065 -57.0122624937724
2066 -57.0122624937724
2067 -57.0122624937724
2068 -57.0122624937724
2069 -57.0122624937724
2070 -57.0122624937724
2071 -57.0122624937724
2072 -57.0122624937724
2073 -57.0122624937724
2074 -57.0122624937724
2075 -57.0122624937724
2076 -57.0122624937724
2077 -57.0122624937724
2078 -57.0122624937724
2079 -57.0122624937724
2080 -57.0122624937724
2081 -57.0122624937724
2082 -57.0122624937724
2083 -57.0122624937724
2084 -57.0122624937724
2085 -57.0122624937724
2086 -57.0122624937724
2087 -57.0122624937724
2088 -57.0122624937724
2089 -57.0122624937724
2090 -57.0122624937724
2091 -57.0122624937724
2092 -57.0122624937724
2093 -57.0122624937724
2094 -57.0122624937724
2095 -57.0122624937724
2096 -57.0122624937724
2097 -57.0122624937724
2098 -57.0122624937724
2099 -57.0122624937724
2100 -57.0122624937724
2101 -57.0122624937724
2102 -57.0122624937724
2103 -57.0122624937724
2104 -57.0122624937724
2105 -57.0122624937724
2106 -57.0122624937724
2107 -57.0122624937724
2108 -57.0122624937724
2109 -57.0122624937724
2110 -57.0122624937724
2111 -57.0122624937724
2112 -57.0122624937724
2113 -57.0122624937724
2114 -57.0122624937724
2115 -57.0122624937724
2116 -57.0122624937724
2117 -57.0122624937724
2118 -57.0122624937724
2119 -57.0122624937724
2120 -57.0122624937724
2121 -57.0122624937724
2122 -57.0122624937724
2123 -57.0122624937724
2124 -57.0122624937724
2125 -57.0122624937724
2126 -57.0122624937724
2127 -57.0122624937724
2128 -57.0122624937724
2129 -57.0122624937724
2130 -57.0122624937724
2131 -57.0122624937724
2132 -57.0122624937724
2133 -57.0122624937724
2134 -57.0122624937724
2135 -57.0122624937724
2136 -57.0122624937724
2137 -57.0122624937724
2138 -57.0122624937724
2139 -57.0122624937724
2140 -57.0122624937724
2141 -57.0122624937724
2142 -57.0122624937724
2143 -57.0122624937724
2144 -57.0122624937724
2145 -57.0122624937724
2146 -57.0122624937724
2147 -57.0122624937724
2148 -57.0122624937724
2149 -57.0122624937724
2150 -57.0122624937724
2151 -57.0122624937724
2152 -57.0122624937724
2153 -57.0122624937724
2154 -57.0122624937724
2155 -57.0122624937724
2156 -57.0122624937724
2157 -57.0122624937724
2158 -57.0122624937724
2159 -57.0122624937724
2160 -57.0122624937724
2161 -57.0122624937724
2162 -57.0122624937724
2163 -57.0122624937724
2164 -57.0122624937724
2165 -57.0122624937724
2166 -57.0122624937724
2167 -57.0122624937724
2168 -57.0122624937724
2169 -57.0122624937724
2170 -57.0122624937724
2171 -57.0122624937724
2172 -57.0122624937724
2173 -57.0122624937724
2174 -57.0122624937724
2175 -57.0122624937724
2176 -57.0122624937724
2177 -57.0122624937724
2178 -57.0122624937724
2179 -57.0122624937724
2180 -57.0122624937724
2181 -57.0122624937724
2182 -57.0122624937724
2183 -57.0122624937724
2184 -57.0122624937724
2185 -57.0122624937724
2186 -57.0122624937724
2187 -57.0122624937724
2188 -57.0122624937724
2189 -57.0122624937724
2190 -57.0122624937724
2191 -57.0122624937724
2192 -57.0122624937724
2193 -57.0122624937724
2194 -57.0122624937724
2195 -57.0122624937724
2196 -57.0122624937724
2197 -57.0122624937724
2198 -57.0122624937724
2199 -57.0122624937724
2200 -57.0122624937724
2201 -57.0122624937724
2202 -57.0122624937724
2203 -57.0122624937724
2204 -57.0122624937724
2205 -57.0122624937724
2206 -57.0122624937724
2207 -57.0122624937724
2208 -57.0122624937724
2209 -57.0122624937724
2210 -57.0122624937724
2211 -57.0122624937724
2212 -57.0122624937724
2213 -57.0122624937724
2214 -57.0122624937724
2215 -57.0122624937724
2216 -57.0122624937724
2217 -57.0122624937724
2218 -57.0122624937724
2219 -57.0122624937724
2220 -57.0122624937724
2221 -57.0122624937724
2222 -57.0122624937724
2223 -57.0122624937724
2224 -57.0122624937724
2225 -57.0122624937724
2226 -57.0122624937724
2227 -57.0122624937724
2228 -57.0122624937724
2229 -57.0122624937724
2230 -57.0122624937724
2231 -57.0122624937724
2232 -57.0122624937724
2233 -57.0122624937724
2234 -57.0122624937724
2235 -57.0122624937724
2236 -57.0122624937724
2237 -57.0122624937724
2238 -57.0122624937724
2239 -57.0122624937724
2240 -57.0122624937724
2241 -57.0122624937724
2242 -57.0122624937724
2243 -57.0122624937724
2244 -57.0122624937724
2245 -57.0122624937724
2246 -57.0122624937724
2247 -57.0122624937724
2248 -57.0122624937724
2249 -57.0122624937724
2250 -57.0122624937724
2251 -57.0122624937724
2252 -57.0122624937724
2253 -57.0122624937724
2254 -57.0122624937724
2255 -57.0122624937724
2256 -57.0122624937724
2257 -57.0122624937724
2258 -57.0122624937724
2259 -57.0122624937724
2260 -57.0122624937724
2261 -57.0122624937724
2262 -57.0122624937724
2263 -57.0122624937724
2264 -57.0122624937724
2265 -57.0122624937724
2266 -57.0122624937724
2267 -57.0122624937724
2268 -57.0122624937724
2269 -57.0122624937724
2270 -57.0122624937724
2271 -57.0122624937724
2272 -57.0122624937724
2273 -57.0122624937724
2274 -57.0122624937724
2275 -57.0122624937724
2276 -57.0122624937724
2277 -57.0122624937724
2278 -57.0122624937724
2279 -57.0122624937724
2280 -57.0122624937724
2281 -57.0122624937724
2282 -57.0122624937724
2283 -57.0122624937724
2284 -57.0122624937724
2285 -57.0122624937724
2286 -57.0122624937724
2287 -57.0122624937724
2288 -57.0122624937724
2289 -57.0122624937724
2290 -57.0122624937724
2291 -57.0122624937724
2292 -57.0122624937724
2293 -57.0122624937724
2294 -57.0122624937724
2295 -57.0122624937724
2296 -57.0122624937724
2297 -57.0122624937724
2298 -57.0122624937724
2299 -57.0122624937724
2300 -57.0122624937724
2301 -57.0122624937724
2302 -57.0122624937724
2303 -57.0122624937724
2304 -57.0122624937724
2305 -57.0122624937724
2306 -57.0122624937724
2307 -57.0122624937724
2308 -57.0122624937724
2309 -57.0122624937724
2310 -57.0122624937724
2311 -57.0122624937724
2312 -57.0122624937724
2313 -57.0122624937724
2314 -57.0122624937724
2315 -57.0122624937724
2316 -57.0122624937724
2317 -57.0122624937724
2318 -57.0122624937724
2319 -57.0122624937724
2320 -57.0122624937724
2321 -57.0122624937724
2322 -57.0122624937724
2323 -57.0122624937724
2324 -57.0122624937724
2325 -57.0122624937724
2326 -57.0122624937724
2327 -57.0122624937724
2328 -57.0122624937724
2329 -57.0122624937724
2330 -57.0122624937724
2331 -57.0122624937724
2332 -57.0122624937724
2333 -57.0122624937724
2334 -57.0122624937724
2335 -57.0122624937724
2336 -57.0122624937724
2337 -57.0122624937724
2338 -57.0122624937724
2339 -57.0122624937724
2340 -57.0122624937724
2341 -57.0122624937724
2342 -57.0122624937724
2343 -57.0122624937724
2344 -57.0122624937724
2345 -57.0122624937724
2346 -57.0122624937724
2347 -57.0122624937724
2348 -57.0122624937724
2349 -57.0122624937724
2350 -57.0122624937724
2351 -57.0122624937724
2352 -57.0122624937724
2353 -57.0122624937724
2354 -57.0122624937724
2355 -57.0122624937724
2356 -57.0122624937724
2357 -57.0122624937724
2358 -57.0122624937724
2359 -57.0122624937724
2360 -57.0122624937724
2361 -57.0122624937724
2362 -57.0122624937724
2363 -57.0122624937724
2364 -57.0122624937724
2365 -57.0122624937724
2366 -57.0122624937724
2367 -57.0122624937724
2368 -57.0122624937724
2369 -57.0122624937724
2370 -57.0122624937724
2371 -57.0122624937724
2372 -57.0122624937724
2373 -57.0122624937724
2374 -57.0122624937724
2375 -57.0122624937724
2376 -57.0122624937724
2377 -57.0122624937724
2378 -57.0122624937724
2379 -57.0122624937724
2380 -57.0122624937724
2381 -57.0122624937724
2382 -57.0122624937724
2383 -57.0122624937724
2384 -57.0122624937724
2385 -57.0122624937724
2386 -57.0122624937724
2387 -57.0122624937724
2388 -57.0122624937724
2389 -57.0122624937724
2390 -57.0122624937724
2391 -57.0122624937724
2392 -57.0122624937724
2393 -57.0122624937724
2394 -57.0122624937724
2395 -57.0122624937724
2396 -57.0122624937724
2397 -57.0122624937724
2398 -57.0122624937724
2399 -57.0122624937724
2400 -57.0122624937724
2401 -57.0122624937724
2402 -57.0122624937724
2403 -57.0122624937724
2404 -57.0122624937724
2405 -57.0122624937724
2406 -57.0122624937724
2407 -57.0122624937724
2408 -57.0122624937724
2409 -57.0122624937724
2410 -57.0122624937724
2411 -57.0122624937724
2412 -57.0122624937724
2413 -57.0122624937724
2414 -57.0122624937724
2415 -57.0122624937724
2416 -57.0122624937724
2417 -57.0122624937724
2418 -57.0122624937724
2419 -57.0122624937724
2420 -57.0122624937724
2421 -57.0122624937724
2422 -57.0122624937724
2423 -57.0122624937724
2424 -57.0122624937724
2425 -57.0122624937724
2426 -57.0122624937724
2427 -57.0122624937724
2428 -57.0122624937724
2429 -57.0122624937724
2430 -57.0122624937724
2431 -57.0122624937724
2432 -57.0122624937724
2433 -57.0122624937724
2434 -57.0122624937724
2435 -57.0122624937724
2436 -57.0122624937724
2437 -57.0122624937724
2438 -57.0122624937724
2439 -57.0122624937724
2440 -57.0122624937724
2441 -57.0122624937724
2442 -57.0122624937724
2443 -57.0122624937724
2444 -57.0122624937724
2445 -57.0122624937724
2446 -57.0122624937724
2447 -57.0122624937724
2448 -57.0122624937724
2449 -57.0122624937724
2450 -57.0122624937724
2451 -57.0122624937724
2452 -57.0122624937724
2453 -57.0122624937724
2454 -57.0122624937724
2455 -57.0122624937724
2456 -57.0122624937724
2457 -57.0122624937724
2458 -57.0122624937724
2459 -57.0122624937724
2460 -57.0122624937724
2461 -57.0122624937724
2462 -57.0122624937724
2463 -57.0122624937724
2464 -57.0122624937724
2465 -57.0122624937724
2466 -57.0122624937724
2467 -57.0122624937724
2468 -57.0122624937724
2469 -57.0122624937724
2470 -57.0122624937724
2471 -57.0122624937724
2472 -57.0122624937724
2473 -57.0122624937724
2474 -57.0122624937724
2475 -57.0122624937724
2476 -57.0122624937724
2477 -57.0122624937724
2478 -57.0122624937724
2479 -57.0122624937724
2480 -57.0122624937724
2481 -57.0122624937724
2482 -57.0122624937724
2483 -57.0122624937724
2484 -57.0122624937724
2485 -57.0122624937724
2486 -57.0122624937724
2487 -57.0122624937724
2488 -57.0122624937724
2489 -57.0122624937724
2490 -57.0122624937724
2491 -57.0122624937724
2492 -57.0122624937724
2493 -57.0122624937724
2494 -57.0122624937724
2495 -57.0122624937724
2496 -57.0122624937724
2497 -57.0122624937724
2498 -57.0122624937724
2499 -57.0122624937724
2500 -57.0122624937724
2501 -57.0122624937724
2502 -57.0122624937724
2503 -57.0122624937724
2504 -57.0122624937724
2505 -57.0122624937724
2506 -57.0122624937724
2507 -57.0122624937724
2508 -57.0122624937724
2509 -57.0122624937724
2510 -57.0122624937724
2511 -57.0122624937724
2512 -57.0122624937724
2513 -57.0122624937724
2514 -57.0122624937724
2515 -57.0122624937724
2516 -57.0122624937724
2517 -57.0122624937724
2518 -57.0122624937724
2519 -57.0122624937724
2520 -57.0122624937724
2521 -57.0122624937724
2522 -57.0122624937724
2523 -57.0122624937724
2524 -57.0122624937724
2525 -57.0122624937724
2526 -57.0122624937724
2527 -57.0122624937724
2528 -57.0122624937724
2529 -57.0122624937724
2530 -57.0122624937724
2531 -57.0122624937724
2532 -57.0122624937724
2533 -57.0122624937724
2534 -57.0122624937724
2535 -57.0122624937724
2536 -57.0122624937724
2537 -57.0122624937724
2538 -57.0122624937724
2539 -57.0122624937724
2540 -57.0122624937724
2541 -57.0122624937724
2542 -57.0122624937724
2543 -57.0122624937724
2544 -57.0122624937724
2545 -57.0122624937724
2546 -57.0122624937724
2547 -57.0122624937724
2548 -57.0122624937724
2549 -57.0122624937724
2550 -57.0122624937724
2551 -57.0122624937724
2552 -57.0122624937724
2553 -57.0122624937724
2554 -57.0122624937724
2555 -57.0122624937724
2556 -57.0122624937724
2557 -57.0122624937724
2558 -57.0122624937724
2559 -57.0122624937724
2560 -57.0122624937724
2561 -57.0122624937724
2562 -57.0122624937724
2563 -57.0122624937724
2564 -57.0122624937724
2565 -57.0122624937724
2566 -57.0122624937724
2567 -57.0122624937724
2568 -57.0122624937724
2569 -57.0122624937724
2570 -57.0122624937724
2571 -57.0122624937724
2572 -57.0122624937724
2573 -57.0122624937724
2574 -57.0122624937724
2575 -57.0122624937724
2576 -57.0122624937724
2577 -57.0122624937724
2578 -57.0122624937724
2579 -57.0122624937724
2580 -57.0122624937724
2581 -57.0122624937724
2582 -57.0122624937724
2583 -57.0122624937724
2584 -57.0122624937724
2585 -57.0122624937724
2586 -57.0122624937724
2587 -57.0122624937724
2588 -57.0122624937724
2589 -57.0122624937724
2590 -57.0122624937724
2591 -57.0122624937724
2592 -57.0122624937724
2593 -57.0122624937724
2594 -57.0122624937724
2595 -57.0122624937724
2596 -57.0122624937724
2597 -57.0122624937724
2598 -57.0122624937724
2599 -57.0122624937724
2600 -57.0122624937724
2601 -57.0122624937724
2602 -57.0122624937724
2603 -57.0122624937724
2604 -57.0122624937724
2605 -57.0122624937724
2606 -57.0122624937724
2607 -57.0122624937724
2608 -57.0122624937724
2609 -57.0122624937724
2610 -57.0122624937724
2611 -57.0122624937724
2612 -57.0122624937724
2613 -57.0122624937724
2614 -57.0122624937724
2615 -57.0122624937724
2616 -57.0122624937724
2617 -57.0122624937724
2618 -57.0122624937724
2619 -57.0122624937724
2620 -57.0122624937724
2621 -57.0122624937724
2622 -57.0122624937724
2623 -57.0122624937724
2624 -57.0122624937724
2625 -57.0122624937724
2626 -57.0122624937724
2627 -57.0122624937724
2628 -57.0122624937724
2629 -57.0122624937724
2630 -57.0122624937724
2631 -57.0122624937724
2632 -57.0122624937724
2633 -57.0122624937724
2634 -57.0122624937724
2635 -57.0122624937724
2636 -57.0122624937724
2637 -57.0122624937724
2638 -57.0122624937724
2639 -57.0122624937724
2640 -57.0122624937724
2641 -57.0122624937724
2642 -57.0122624937724
2643 -57.0122624937724
2644 -57.0122624937724
2645 -57.0122624937724
2646 -57.0122624937724
2647 -57.0122624937724
2648 -57.0122624937724
2649 -57.0122624937724
2650 -57.0122624937724
2651 -57.0122624937724
2652 -57.0122624937724
2653 -57.0122624937724
2654 -57.0122624937724
2655 -57.0122624937724
2656 -57.0122624937724
2657 -57.0122624937724
2658 -57.0122624937724
2659 -57.0122624937724
2660 -57.0122624937724
2661 -57.0122624937724
2662 -57.0122624937724
2663 -57.0122624937724
2664 -57.0122624937724
2665 -57.0122624937724
2666 -57.0122624937724
2667 -57.0122624937724
2668 -57.0122624937724
2669 -57.0122624937724
2670 -57.0122624937724
2671 -57.0122624937724
2672 -57.0122624937724
2673 -57.0122624937724
2674 -57.0122624937724
2675 -57.0122624937724
2676 -57.0122624937724
2677 -57.0122624937724
2678 -57.0122624937724
2679 -57.0122624937724
2680 -57.0122624937724
2681 -57.0122624937724
2682 -57.0122624937724
2683 -57.0122624937724
2684 -57.0122624937724
2685 -57.0122624937724
2686 -57.0122624937724
2687 -57.0122624937724
2688 -57.0122624937724
2689 -57.0122624937724
2690 -57.0122624937724
2691 -57.0122624937724
2692 -57.0122624937724
2693 -57.0122624937724
2694 -57.0122624937724
2695 -57.0122624937724
2696 -57.0122624937724
2697 -57.0122624937724
2698 -57.0122624937724
2699 -57.0122624937724
2700 -57.0122624937724
2701 -57.0122624937724
2702 -57.0122624937724
2703 -57.0122624937724
2704 -57.0122624937724
2705 -57.0122624937724
2706 -57.0122624937724
2707 -57.0122624937724
2708 -57.0122624937724
2709 -57.0122624937724
2710 -57.0122624937724
2711 -57.0122624937724
2712 -57.0122624937724
2713 -57.0122624937724
2714 -57.0122624937724
2715 -57.0122624937724
2716 -57.0122624937724
2717 -57.0122624937724
2718 -57.0122624937724
2719 -57.0122624937724
2720 -57.0122624937724
2721 -57.0122624937724
2722 -57.0122624937724
2723 -57.0122624937724
2724 -57.0122624937724
2725 -57.0122624937724
2726 -57.0122624937724
2727 -57.0122624937724
2728 -57.0122624937724
2729 -57.0122624937724
2730 -57.0122624937724
2731 -57.0122624937724
2732 -57.0122624937724
2733 -57.0122624937724
2734 -57.0122624937724
2735 -57.0122624937724
2736 -57.0122624937724
2737 -57.0122624937724
2738 -57.0122624937724
2739 -57.0122624937724
2740 -57.0122624937724
2741 -57.0122624937724
2742 -57.0122624937724
2743 -57.0122624937724
2744 -57.0122624937724
2745 -57.0122624937724
2746 -57.0122624937724
2747 -57.0122624937724
2748 -57.0122624937724
2749 -57.0122624937724
2750 -57.0122624937724
2751 -57.0122624937724
2752 -57.0122624937724
2753 -57.0122624937724
2754 -57.0122624937724
2755 -57.0122624937724
2756 -57.0122624937724
2757 -57.0122624937724
2758 -57.0122624937724
2759 -57.0122624937724
2760 -57.0122624937724
2761 -57.0122624937724
2762 -57.0122624937724
2763 -57.0122624937724
2764 -57.0122624937724
2765 -57.0122624937724
2766 -57.0122624937724
2767 -57.0122624937724
2768 -57.0122624937724
2769 -57.0122624937724
2770 -57.0122624937724
2771 -57.0122624937724
2772 -57.0122624937724
2773 -57.0122624937724
2774 -57.0122624937724
2775 -57.0122624937724
2776 -57.0122624937724
2777 -57.0122624937724
2778 -57.0122624937724
2779 -57.0122624937724
2780 -57.0122624937724
2781 -57.0122624937724
2782 -57.0122624937724
2783 -57.0122624937724
2784 -57.0122624937724
2785 -57.0122624937724
2786 -57.0122624937724
2787 -57.0122624937724
2788 -57.0122624937724
2789 -57.0122624937724
2790 -57.0122624937724
2791 -57.0122624937724
2792 -57.0122624937724
2793 -57.0122624937724
2794 -57.0122624937724
2795 -57.0122624937724
2796 -57.0122624937724
2797 -57.0122624937724
2798 -57.0122624937724
2799 -57.0122624937724
2800 -57.0122624937724
2801 -57.0122624937724
2802 -57.0122624937724
2803 -57.0122624937724
2804 -57.0122624937724
2805 -57.0122624937724
2806 -57.0122624937724
2807 -57.0122624937724
2808 -57.0122624937724
2809 -57.0122624937724
2810 -57.0122624937724
2811 -57.0122624937724
2812 -57.0122624937724
2813 -57.0122624937724
2814 -57.0122624937724
2815 -57.0122624937724
2816 -57.0122624937724
2817 -57.0122624937724
2818 -57.0122624937724
2819 -57.0122624937724
2820 -57.0122624937724
2821 -57.0122624937724
2822 -57.0122624937724
2823 -57.0122624937724
2824 -57.0122624937724
2825 -57.0122624937724
2826 -57.0122624937724
2827 -57.0122624937724
2828 -57.0122624937724
2829 -57.0122624937724
2830 -57.0122624937724
2831 -57.0122624937724
2832 -57.0122624937724
2833 -57.0122624937724
2834 -57.0122624937724
2835 -57.0122624937724
2836 -57.0122624937724
2837 -57.0122624937724
2838 -57.0122624937724
2839 -57.0122624937724
2840 -57.0122624937724
2841 -57.0122624937724
2842 -57.0122624937724
2843 -57.0122624937724
2844 -57.0122624937724
2845 -57.0122624937724
2846 -57.0122624937724
2847 -57.0122624937724
2848 -57.0122624937724
2849 -57.0122624937724
2850 -57.0122624937724
2851 -57.0122624937724
2852 -57.0122624937724
2853 -57.0122624937724
2854 -57.0122624937724
2855 -57.0122624937724
2856 -57.0122624937724
2857 -57.0122624937724
2858 -57.0122624937724
2859 -57.0122624937724
2860 -57.0122624937724
2861 -57.0122624937724
2862 -57.0122624937724
2863 -57.0122624937724
2864 -57.0122624937724
2865 -57.0122624937724
2866 -57.0122624937724
2867 -57.0122624937724
2868 -57.0122624937724
2869 -57.0122624937724
2870 -57.0122624937724
2871 -57.0122624937724
2872 -57.0122624937724
2873 -57.0122624937724
2874 -57.0122624937724
2875 -57.0122624937724
2876 -57.0122624937724
2877 -57.0122624937724
2878 -57.0122624937724
2879 -57.0122624937724
2880 -57.0122624937724
2881 -57.0122624937724
2882 -57.0122624937724
2883 -57.0122624937724
2884 -57.0122624937724
2885 -57.0122624937724
2886 -57.0122624937724
2887 -57.0122624937724
2888 -57.0122624937724
2889 -57.0122624937724
2890 -57.0122624937724
2891 -57.0122624937724
2892 -57.0122624937724
2893 -57.0122624937724
2894 -57.0122624937724
2895 -57.0122624937724
2896 -57.0122624937724
2897 -57.0122624937724
2898 -57.0122624937724
2899 -57.0122624937724
2900 -57.0122624937724
2901 -57.0122624937724
2902 -57.0122624937724
2903 -57.0122624937724
2904 -57.0122624937724
2905 -57.0122624937724
2906 -57.0122624937724
2907 -57.0122624937724
2908 -57.0122624937724
2909 -57.0122624937724
2910 -57.0122624937724
2911 -57.0122624937724
2912 -57.0122624937724
2913 -57.0122624937724
2914 -57.0122624937724
2915 -57.0122624937724
2916 -57.0122624937724
2917 -57.0122624937724
2918 -57.0122624937724
2919 -57.0122624937724
2920 -57.0122624937724
2921 -57.0122624937724
2922 -57.0122624937724
2923 -57.0122624937724
2924 -57.0122624937724
2925 -57.0122624937724
2926 -57.0122624937724
2927 -57.0122624937724
2928 -57.0122624937724
2929 -57.0122624937724
2930 -57.0122624937724
2931 -57.0122624937724
2932 -57.0122624937724
2933 -57.0122624937724
2934 -57.0122624937724
2935 -57.0122624937724
2936 -57.0122624937724
2937 -57.0122624937724
2938 -57.0122624937724
2939 -57.0122624937724
2940 -57.0122624937724
2941 -57.0122624937724
2942 -57.0122624937724
2943 -57.0122624937724
2944 -57.0122624937724
2945 -57.0122624937724
2946 -57.0122624937724
2947 -57.0122624937724
2948 -57.0122624937724
2949 -57.0122624937724
2950 -57.0122624937724
2951 -57.0122624937724
2952 -57.0122624937724
2953 -57.0122624937724
2954 -57.0122624937724
2955 -57.0122624937724
2956 -57.0122624937724
2957 -57.0122624937724
2958 -57.0122624937724
2959 -57.0122624937724
2960 -57.0122624937724
2961 -57.0122624937724
2962 -57.0122624937724
2963 -57.0122624937724
2964 -57.0122624937724
2965 -57.0122624937724
2966 -57.0122624937724
2967 -57.0122624937724
2968 -57.0122624937724
2969 -57.0122624937724
2970 -57.0122624937724
2971 -57.0122624937724
2972 -57.0122624937724
2973 -57.0122624937724
2974 -57.0122624937724
2975 -57.0122624937724
2976 -57.0122624937724
2977 -57.0122624937724
2978 -57.0122624937724
2979 -57.0122624937724
2980 -57.0122624937724
2981 -57.0122624937724
2982 -57.0122624937724
2983 -57.0122624937724
2984 -57.0122624937724
2985 -57.0122624937724
2986 -57.0122624937724
2987 -57.0122624937724
2988 -57.0122624937724
2989 -57.0122624937724
2990 -57.0122624937724
2991 -57.0122624937724
2992 -57.0122624937724
2993 -57.0122624937724
2994 -57.0122624937724
2995 -57.0122624937724
2996 -57.0122624937724
2997 -57.0122624937724
2998 -57.0122624937724
2999 -57.0122624937724
