0 -0.356696188444828
1 -0.35391865541295875
2 -0.8644425832248426
3 -1.3017859719530525
4 -1.2825715261825497
5 -1.3617757506440151
6 -1.3954737801985917
7 -1.3874823823405722
8 -1.3904049751903624
9 -1.3875563688927492
10 -1.4437591696429775
11 -1.598048759879968
12 -1.7517068930319606
13 -1.9293997518228085
14 -1.9216131381695378
15 -1.927463324206002
16 -1.9363815218139313
17 -2.4991362206996346
18 -2.5488336858191456
19 -2.545811744897332
20 -2.5597848560214422
21 -2.5597848560214422
22 -3.298140893472114
23 -3.324632148605736
24 -3.355430881012471
25 -3.355430881012471
26 -3.634310894848632
27 -3.773866809312434
28 -3.7622809251960705
29 -3.8922385244300632
30 -3.9874210623159474
31 -3.9911003553167794
32 -3.9793611698818765
33 -4.048249363822645
34 -4.052541582262579
35 -4.076196026907274
36 -4.071151302273455
37 -4.198658739314453
38 -4.189820646699697
39 -4.391804151368405
40 -4.392444489689381
41 -4.5131094729566
42 -4.543524952802782
43 -5.014344151839819
44 -5.257139694132338
45 -5.275536077051548
46 -5.321476223799991
47 -5.323694464415176
48 -5.313849077060013
49 -5.310474742461984
50 -5.309106141009134
51 -5.310310555684291
52 -5.313730197550218
53 -5.328196786293899
54 -6.474596432519313
55 -6.474852625937654
56 -6.494197083528195
57 -6.610410645518356
58 -6.657323200936254
59 -6.71309178864905
60 -7.46401853273046
61 -7.476735403067665
62 -7.513634385686116
63 -7.762628941852016
64 -7.816083905377118
65 -7.882148108453158
66 -7.878105251422685
67 -7.913234988207758
68 -8.258647538037932
69 -8.315075352107574
70 -8.324536569896772
71 -8.493099140848688
72 -8.575104227935341
73 -8.739568214131145
74 -8.764469925928694
75 -8.766740534039421
76 -8.820793842256855
77 -8.868374127986161
78 -9.30661657113184
79 -9.30661657113184
80 -9.32147305902264
81 -9.325132460976658
82 -9.328403695654044
83 -9.328403695654044
84 -9.381517688225136
85 -9.451320357595344
86 -9.466021357338432
87 -9.556510427696049
88 -9.757005910532342
89 -10.05343725782752
90 -10.14937047205799
91 -10.14937047205799
92 -10.188583684019513
93 -10.200952870932639
94 -10.220093080035166
95 -10.27591503367697
96 -10.27591503367697
97 -10.274800802594633
98 -10.274801181465314
99 -10.273586379754061
100 -10.273586379754061
101 -10.56019488054422
102 -10.578485868405128
103 -10.615520187611
104 -10.616594606178019
105 -10.616594606178019
106 -10.675141702201563
107 -10.668942733248713
108 -10.749109376365265
109 -10.792026717626133
110 -10.793555691662096
111 -10.793715608124302
112 -10.844617289657325
113 -10.835894111889086
114 -10.835894111889086
115 -10.840485636633357
116 -10.855661280693884
117 -10.861495972680306
118 -11.051316764867906
119 -11.060248620685105
120 -11.330653989912472
121 -11.39843820692155
122 -11.397770222249832
123 -11.412486647485238
124 -11.41254274936717
125 -11.415641030690656
126 -11.472455973799013
127 -11.472455973799013
128 -11.472991446929324
129 -11.463072041923905
130 -11.48594073578831
131 -11.756955375683557
132 -11.756955375683557
133 -11.941687597513308
134 -11.941687597513308
135 -11.989502624901027
136 -11.990884654557242
137 -11.997805122270005
138 -12.082673695349165
139 -12.162871241807258
140 -12.164721282342303
141 -12.177007188341136
142 -12.203275837316026
143 -12.242310572284854
144 -12.295619350717095
145 -12.295619350717095
146 -12.295619350717095
147 -12.363539761877558
148 -12.638678073800964
149 -12.63876460903581
150 -12.779197824868461
151 -12.822361077213777
152 -12.845009571497098
153 -12.85303512081359
154 -13.560601754913526
155 -13.56873626375288
156 -13.588429055749211
157 -13.597713332241401
158 -13.59810890736254
159 -13.604209009743046
160 -13.62353786748343
161 -13.691628377186998
162 -13.733484706674512
163 -13.73746306937587
164 -13.73746306937587
165 -13.727658537378943
166 -13.7468102022141
167 -13.771771367818435
168 -13.774139321662897
169 -13.841336776925285
170 -13.869699773663356
171 -13.912196871811334
172 -13.952768956302243
173 -14.005114940261713
174 -14.005114940261713
175 -14.155600327628445
176 -14.182261491537975
177 -14.258480504893438
178 -14.255786555112547
179 -14.346036908104278
180 -14.548427701514647
181 -14.561846767654995
182 -14.566725383440183
183 -14.750962585412868
184 -14.961729274223863
185 -14.973354020394758
186 -15.044125001084911
187 -14.94153918642655
188 -14.981884457928194
189 -14.983000992308353
190 -14.984364578259294
191 -15.035138398420663
192 -15.035138398420663
193 -15.035211415705607
194 -15.239516942485007
195 -15.241135035544222
196 -15.277862903333599
197 -15.419042996070642
198 -15.516876174631319
199 -15.516876174631319
200 -15.516876174631319
201 -15.516876174631319
202 -15.561270692423431
203 -15.616134852115955
204 -15.629634435495106
205 -15.704431543395776
206 -15.704521047738096
207 -15.733676716883197
208 -15.73457827314251
209 -15.797456105597128
210 -15.798037007939438
211 -15.798037007939438
212 -16.111192360138787
213 -16.111277885888175
214 -16.112895053393412
215 -16.116459710184827
216 -16.347615162223132
217 -16.364833654445093
218 -16.368034672399823
219 -16.404675087090027
220 -16.420448083760277
221 -16.373231791026747
222 -16.382711064376572
223 -16.435299449627713
224 -16.447791215074858
225 -16.48140043106222
226 -16.48140043106222
227 -16.51178050493718
228 -16.512368273669438
229 -16.517479639530023
230 -16.51875521872988
231 -16.538657842650437
232 -16.553877481587524
233 -16.566692342186858
234 -16.58126980410841
235 -16.58126980410841
236 -16.65617041183787
237 -16.65617041183787
238 -16.676551212331134
239 -16.68684536121953
240 -16.70058933434127
241 -16.7172225401279
242 -16.72879398435936
243 -16.876668100712926
244 -16.876668100712926
245 -16.877145135962895
246 -16.890721219200575
247 -17.0167769709806
248 -17.053983502981502
249 -17.054475706415516
250 -17.073607195983982
251 -17.073607195983982
252 -17.073607195983982
253 -17.081286943886596
254 -17.140076318654152
255 -17.145266806570916
256 -17.145266806570916
257 -17.222534833563344
258 -17.22530922292811
259 -17.22583693820023
260 -17.23269616950673
261 -17.30461046623334
262 -17.453639792328765
263 -17.511384677166603
264 -17.519879421496697
265 -17.696767352006837
266 -17.69743993817592
267 -17.6985414877035
268 -17.718061438767656
269 -18.03544526010844
270 -18.12728174292034
271 -18.14135081520353
272 -18.166152718813883
273 -18.210363876825
274 -18.21765087469679
275 -18.26187511837447
276 -18.28429526054127
277 -18.31340618776438
278 -18.30755538986602
279 -18.43289874661371
280 -18.43717189088821
281 -18.44469709254986
282 -18.444780492582254
283 -18.444780492582254
284 -18.44512429217778
285 -18.47718555996351
286 -18.49944964599386
287 -18.57086511732915
288 -18.570993291316938
289 -18.656695328314207
290 -18.691185351843437
291 -18.712740108013506
292 -18.774848875070138
293 -18.82845492946685
294 -18.828728651031625
295 -18.999305745243582
296 -19.004651143621317
297 -19.06925353297355
298 -19.069288380936655
299 -19.07261402807837
300 -19.177495442681654
301 -19.184385498195105
302 -19.224623849765955
303 -19.30362056156384
304 -19.325142922799113
305 -19.34096348003429
306 -19.35690944291739
307 -19.37749149580835
308 -19.41388588272186
309 -19.431080577670485
310 -19.430497557027905
311 -19.43609841651826
312 -19.43609841651826
313 -19.44079464247641
314 -19.44127266705331
315 -19.58480421625086
316 -19.584892050924232
317 -19.584892050924232
318 -19.588947726678175
319 -19.891263957667064
320 -20.120631829085134
321 -20.13159068953378
322 -20.132929818517788
323 -20.227370652831272
324 -20.29346618052982
325 -20.351022497872336
326 -20.40726395070306
327 -21.264416631059767
328 -21.265058231671574
329 -21.274998203639395
330 -21.403718990943915
331 -21.412319693610478
332 -21.41910907276069
333 -21.45247106796007
334 -21.576889047095
335 -21.77174964018637
336 -21.774092294798727
337 -21.82785664756544
338 -21.82785664756544
339 -21.864030807355547
340 -21.984075196476958
341 -22.294934591160697
342 -22.339771572225565
343 -22.396487193260953
344 -22.437191638303233
345 -22.454742375687047
346 -22.46119872836571
347 -22.463962809631433
348 -22.46423400933513
349 -22.470000089379916
350 -22.50428120924289
351 -22.516276484192325
352 -22.51748204399666
353 -22.64468482542403
354 -22.645741113965045
355 -22.786082088828362
356 -22.786082088828362
357 -22.799541500364498
358 -22.802499249367564
359 -22.975305708517386
360 -23.00215839775065
361 -23.003162218792937
362 -23.19465948872584
363 -23.395455349000564
364 -23.395455349000564
365 -23.39610772599834
366 -23.396490440360623
367 -23.621344720257547
368 -23.63262916708485
369 -23.63262916708485
370 -23.934768939319767
371 -24.19734054921299
372 -24.200402738436125
373 -24.422878645037898
374 -24.445791694644328
375 -24.50193078483003
376 -24.505072395309547
377 -24.521743831709728
378 -24.637379662749247
379 -24.637379662749247
380 -24.63793048138039
381 -24.64053231039314
382 -24.64053231039314
383 -24.653476328233324
384 -24.65430412027697
385 -24.6672945466212
386 -24.68442567925731
387 -24.719718935256246
388 -24.7338621881292
389 -24.73467353506389
390 -25.125836299049233
391 -25.134225434015136
392 -25.140602876323783
393 -25.14872273956975
394 -25.15543275294631
395 -25.22518951514865
396 -25.3066354801001
397 -25.308913066939716
398 -25.322600249194018
399 -25.322600249194018
400 -25.322600249194018
401 -25.327013859900333
402 -25.327013859900333
403 -25.32737953045654
404 -25.32737953045654
405 -25.503635617757354
406 -25.5376782563007
407 -25.5376782563007
408 -25.5376782563007
409 -25.5376782563007
410 -25.569748420794262
411 -25.579027076178605
412 -25.58680028690185
413 -25.589050560414467
414 -25.59119588545935
415 -25.591362967941706
416 -25.591910821074862
417 -25.785405221578912
418 -25.804536541477034
419 -25.81223410758473
420 -25.81473135346303
421 -25.824321194114667
422 -26.043833022277042
423 -26.05115344730404
424 -26.087246046191268
425 -26.087246046191268
426 -26.087246046191268
427 -26.11022440501658
428 -26.11755175871214
429 -26.123361003203772
430 -26.12630602555639
431 -26.15015018774976
432 -26.15015018774976
433 -26.27476980027019
434 -26.466889898786363
435 -26.469084517114702
436 -26.50555076089232
437 -26.55919740087097
438 -26.55919740087097
439 -26.56618198325527
440 -26.61082193673085
441 -26.640820360115455
442 -26.649027226858017
443 -26.649027226858017
444 -26.66779038644846
445 -26.782546624817883
446 -26.782546624817883
447 -26.782546624817883
448 -26.796530547450867
449 -26.797319931676356
450 -26.797319931676356
451 -26.802783116428486
452 -26.952833279626496
453 -27.00632205355265
454 -27.02341156231772
455 -27.038928911770398
456 -27.047972269569886
457 -27.07033157684606
458 -27.075140845739014
459 -27.091168265011554
460 -27.181833814589012
461 -27.278292634862524
462 -27.32411095250552
463 -27.372690308581486
464 -27.48195837374972
465 -27.558145535198364
466 -27.577865806793497
467 -27.578082536363866
468 -27.58110079101865
469 -27.585358287012212
470 -27.601881340912122
471 -27.724124172424638
472 -27.816588409508867
473 -27.817938185698218
474 -27.82429851395048
475 -27.82429851395048
476 -27.866051821415255
477 -27.897762933643136
478 -28.060790215026657
479 -28.060790215026657
480 -28.060798510188373
481 -28.071318857213967
482 -28.082992362750964
483 -28.082992362750964
484 -28.08980440591725
485 -28.147686145154573
486 -28.165621951808987
487 -28.228682931165828
488 -28.2751408691556
489 -28.285015382468977
490 -28.287938577877263
491 -28.288934393956083
492 -28.288934393956083
493 -28.45700493013984
494 -28.45700493013984
495 -28.46943675066396
496 -28.472059485532125
497 -28.483102578091124
498 -28.483102578091124
499 -28.492604192291537
500 -28.49408876703363
501 -28.501593706180024
502 -28.503400941327925
503 -28.51495430344581
504 -28.568199288336434
505 -28.586031363855568
506 -28.76397195122167
507 -28.775093904687317
508 -28.805669940933953
509 -28.827267907560824
510 -28.827366410229786
511 -28.896269282013723
512 -28.908962783118223
513 -28.91486973520133
514 -28.91486973520133
515 -28.914869735201332
516 -29.073610568674273
517 -29.074522962936452
518 -29.080024171073557
519 -29.098799494940568
520 -29.098799494940568
521 -29.098799494940568
522 -29.107632276736418
523 -29.126939491295076
524 -29.137953700679482
525 -29.15785402731477
526 -29.158859930023475
527 -29.168279158016645
528 -29.168279158016645
529 -29.168279158016645
530 -29.16854534546178
531 -29.270225707439778
532 -29.431057625011263
533 -29.432217356769563
534 -29.58599107668689
535 -29.589647762643587
536 -29.67906520332957
537 -29.67906520332957
538 -29.69403597402927
539 -29.83834106432544
540 -29.84002054163718
541 -29.84002054163718
542 -29.844964237022104
543 -29.84720630281008
544 -29.847416346440326
545 -29.847416346440326
546 -29.899291738085296
547 -29.9108276484574
548 -29.915418916220126
549 -29.919351689395093
550 -29.92475955064515
551 -30.011021363675738
552 -30.015525850382886
553 -30.015525850382886
554 -30.020993092221246
555 -30.04734587407102
556 -30.04734587407102
557 -30.077955054291003
558 -30.140102645077455
559 -30.1313108563305
560 -30.14035417330333
561 -30.29240426727106
562 -30.343964909656407
563 -30.345251162051618
564 -30.35606888276117
565 -30.42347854355306
566 -30.48558338848104
567 -30.57922256212369
568 -30.884542988064958
569 -30.884550964888575
570 -30.884550964888575
571 -30.959288415156497
572 -31.119501781995393
573 -31.2942600217717
574 -31.29955729211228
575 -31.38000759793808
576 -31.38000759793808
577 -31.445827247291064
578 -31.445827247291064
579 -31.453854873278686
580 -31.53738560993856
581 -31.540931967583695
582 -31.59415390126889
583 -31.594830282297792
584 -31.598633149462778
585 -31.657288658385013
586 -31.657288658385013
587 -32.03865303188545
588 -32.06126655077328
589 -32.11803131677404
590 -32.118035241973416
591 -32.119555322127766
592 -32.12309842184902
593 -32.15415540015479
594 -32.16240499737979
595 -32.18690716435677
596 -32.281736180475676
597 -32.29315011931017
598 -32.293966221350225
599 -32.315732582924255
600 -32.330500579641566
601 -32.330500579641566
602 -32.330500579641566
603 -32.33050058899284
604 -32.38037702815118
605 -32.38037702815118
606 -32.38505155481548
607 -32.461513692694595
608 -32.470418825419166
609 -32.470418825419166
610 -32.470418825419166
611 -32.489702052828605
612 -32.509327656811756
613 -32.541583652191626
614 -32.76450015935096
615 -32.77607296977306
616 -32.784516524703484
617 -32.78741731451998
618 -32.79889507820075
619 -32.81906390558446
620 -32.827874587763816
621 -32.827874587763816
622 -32.83675448349771
623 -32.83675650214683
624 -32.84045927691957
625 -32.84508951654811
626 -33.12167549481873
627 -33.12167549481873
628 -33.12630592810275
629 -33.13484230506415
630 -33.13484230506415
631 -33.14062424464939
632 -33.15334492690859
633 -33.19872084345618
634 -33.22255684559445
635 -33.22300671186608
636 -33.23118646789471
637 -33.27604902180043
638 -33.2855039488668
639 -33.2855039488668
640 -33.32628296706628
641 -33.42130987149793
642 -33.421309871497925
643 -33.421546356851586
644 -33.421546356851586
645 -33.44126097821615
646 -33.44645550695147
647 -33.48983081071034
648 -33.48983081071034
649 -33.49065205423099
650 -33.506601612419665
651 -33.53220562136465
652 -33.60775058470951
653 -33.60775058470951
654 -33.60775058470951
655 -33.78582754585497
656 -34.279914608693495
657 -34.337639205265376
658 -34.347693928898366
659 -34.35437960631858
660 -34.35437960631859
661 -34.37741585557591
662 -34.395397240007654
663 -34.40054594921081
664 -34.40105573967071
665 -34.40105573967071
666 -34.45516877348709
667 -34.45862003907887
668 -34.58536812108656
669 -34.7167570994139
670 -34.72678392977007
671 -34.73146691892901
672 -34.73146691892901
673 -34.731476647844225
674 -34.733976370984905
675 -34.82873553005853
676 -34.82873553005853
677 -34.82873553005853
678 -34.838967543251556
679 -34.87841114477054
680 -34.88503498702528
681 -34.9368381214003
682 -34.93908262507684
683 -34.964191928093825
684 -34.986565174346005
685 -35.10287675196142
686 -35.11459620093541
687 -35.16854850166522
688 -35.16959870091042
689 -35.1696005148824
690 -35.1696005148824
691 -35.1696005148824
692 -35.16977325161269
693 -35.22728666367386
694 -35.2454250462276
695 -35.27193640378465
696 -35.29495152936461
697 -35.31644002448524
698 -35.31644002448524
699 -35.31871528280745
700 -35.32242441833406
701 -35.32242441833405
702 -35.45812859814944
703 -35.67718008054818
704 -35.67790365355512
705 -35.7143804405552
706 -35.723618747937394
707 -35.72433562462364
708 -35.753470150789944
709 -35.76750573292048
710 -35.76750573292048
711 -35.76750573292048
712 -35.79050091806448
713 -35.798278974559246
714 -35.798563422793855
715 -35.84683685131685
716 -35.86651745854585
717 -35.87818176734163
718 -35.91362841506405
719 -35.91367974974905
720 -36.06545736147933
721 -36.09919821036624
722 -36.1070945874118
723 -36.1070945874118
724 -36.13087005400163
725 -36.13087005400163
726 -36.13087005400163
727 -36.20318843379062
728 -36.21074200381938
729 -36.24255118719007
730 -36.249749203150856
731 -36.24996435556293
732 -36.277522544652825
733 -36.28010047922301
734 -36.28010047922301
735 -36.28075339490318
736 -36.290809045183074
737 -36.29254476368176
738 -36.29254476368176
739 -36.38532810642229
740 -36.385360855820586
741 -36.38536085582058
742 -36.422587780935324
743 -36.42260823708254
744 -36.42312422541439
745 -36.4268033575421
746 -36.438626122217485
747 -36.45162318875421
748 -36.45187888659744
749 -36.522833435157295
750 -36.60346285715775
751 -36.59764640830615
752 -36.68774677022249
753 -36.759510320541374
754 -36.8508978631586
755 -36.86924078347914
756 -36.881635605146954
757 -36.93721483697733
758 -36.956820331688206
759 -36.95737675368153
760 -36.95938933290811
761 -36.95938933290811
762 -36.95938933290811
763 -36.98010503294228
764 -36.98010503294228
765 -37.01495034030168
766 -37.0150165273938
767 -37.0150165273938
768 -37.056726015644195
769 -37.056726015644195
770 -37.056726015644195
771 -37.08642380607836
772 -37.098374030298395
773 -37.211388354253494
774 -37.211388354253494
775 -37.29053533481756
776 -37.37714038948431
777 -37.37714038948431
778 -37.37714038948431
779 -37.3792584398672
780 -37.37936572709397
781 -37.397053776758064
782 -37.403084005575394
783 -37.403084005575394
784 -37.403084005575394
785 -37.4108825650266
786 -37.4108825650266
787 -37.41271019932343
788 -37.42854395700917
789 -37.42856152489308
790 -37.42856152489308
791 -37.44522907641311
792 -37.5391281604773
793 -37.5391281604773
794 -37.62050333259851
795 -37.65887559687661
796 -37.65887559687661
797 -37.7602006239221
798 -37.7602006239221
799 -37.7602006239221
800 -37.7602006239221
801 -37.783681311311994
802 -37.850549432800086
803 -37.85866741634478
804 -37.956977951651346
805 -37.9572324412967
806 -37.9572324412967
807 -37.9572324412967
808 -37.96383593459975
809 -37.98222089522513
810 -37.990831595889595
811 -37.99722275046994
812 -37.99722275046994
813 -38.00045684055543
814 -38.011803277905365
815 -38.01238264747989
816 -38.012491321722585
817 -38.013368951311605
818 -38.02550171770156
819 -38.02550171770156
820 -38.02550171770156
821 -38.033942507057866
822 -38.033942507057866
823 -38.0389293186746
824 -38.03950827789055
825 -38.11432828941804
826 -38.14165180528913
827 -38.1692253116379
828 -38.162258902027006
829 -38.272790494433266
830 -38.272790494433266
831 -38.27424462874391
832 -38.27424462874391
833 -38.30907372698961
834 -38.30907372698961
835 -38.32440039972137
836 -38.32440039972137
837 -38.422400481849095
838 -38.422400481849095
839 -38.42377235782176
840 -38.424575299135945
841 -38.42457552139298
842 -38.42457552139298
843 -38.4673654793457
844 -38.55632522304217
845 -38.57757174003196
846 -38.58577530191897
847 -38.58577530191897
848 -38.618100680826174
849 -38.65249185260665
850 -38.665365951530575
851 -38.678005199234974
852 -38.71526457875441
853 -38.71526457875441
854 -38.71531782893912
855 -38.71731087032869
856 -38.723460333960695
857 -38.723460333960695
858 -38.723460333960695
859 -38.77432530977572
860 -38.65200734994368
861 -38.64913996322709
862 -38.64913996322709
863 -38.64913996322709
864 -38.66926625202265
865 -38.66939329776693
866 -38.67469937429874
867 -38.67469937429874
868 -38.68809842918385
869 -38.75683485194311
870 -38.76754725697906
871 -38.76754725697906
872 -38.76754725697906
873 -38.76754725697906
874 -38.76754725697906
875 -38.76776187278269
876 -38.79846089950185
877 -38.79897708093867
878 -38.82640741981896
879 -38.85022067371305
880 -38.850339566192574
881 -38.855966139831516
882 -38.92345569081025
883 -38.96158261207057
884 -38.96158261207057
885 -38.961586056834875
886 -38.981469951484414
887 -38.981469951484414
888 -39.0845387415428
889 -39.21559890330603
890 -39.340984706158395
891 -39.380160575190004
892 -39.381375486470205
893 -39.457701478811934
894 -39.47866451697786
895 -39.47866451697786
896 -39.54445927381008
897 -39.54446359090206
898 -39.54446359090206
899 -39.544484236493496
900 -39.544484236493496
901 -39.566319971218206
902 -39.63918789235772
903 -39.657776605979436
904 -39.657776605979436
905 -39.68182556884557
906 -39.690964589706184
907 -39.711209796872346
908 -39.69604443356748
909 -39.72321980560444
910 -39.72357741945846
911 -39.72357741945846
912 -39.812043399719514
913 -39.82815602264738
914 -39.87650588876319
915 -39.87650588876319
916 -39.87768911941579
917 -40.02376258257834
918 -40.0881689014917
919 -40.10162290656821
920 -40.13177237734759
921 -40.301262806999986
922 -40.30682293748084
923 -40.30682293748084
924 -40.30702417106139
925 -40.34514712366233
926 -40.42847266671738
927 -40.42847266671738
928 -40.481590225120506
929 -40.481590225120506
930 -40.481590225120506
931 -40.49854117295113
932 -40.51537479502278
933 -40.51813205986309
934 -40.56792043445351
935 -40.66195026011694
936 -40.686158133171276
937 -40.77454709324007
938 -40.777921483338375
939 -40.777921483338375
940 -40.777921483338375
941 -40.829663240549614
942 -40.87028278762618
943 -40.87279004838612
944 -40.89445092188768
945 -40.89445092188768
946 -40.90330114841636
947 -40.987239653893994
948 -40.9878069348123
949 -41.002739633643145
950 -41.006189705604825
951 -41.02050766010789
952 -41.04338569258449
953 -41.0481971181711
954 -41.04936783670459
955 -41.049657375736444
956 -41.11171060666424
957 -41.17644628464967
958 -41.191376170086336
959 -41.191376170086336
960 -41.19658476220435
961 -41.20162842434535
962 -41.20162842434535
963 -41.20162842434535
964 -41.20166562750438
965 -41.20644724228205
966 -41.2129338178066
967 -41.2129338178066
968 -41.2129338178066
969 -41.21298284460222
970 -41.22006313325625
971 -41.22516072091979
972 -41.22639246885322
973 -41.22639246885322
974 -41.22639246885322
975 -41.25394292145039
976 -41.25394292145039
977 -41.25434784542753
978 -41.25434784542753
979 -41.3319381748162
980 -41.339293854574734
981 -41.339293854574734
982 -41.339293854574734
983 -41.5473290148268
984 -41.5473290148268
985 -41.5477931538602
986 -41.583603672382765
987 -41.603870167363425
988 -41.603870167363425
989 -41.64063275858487
990 -41.64851839390599
991 -41.68441534329507
992 -41.70365769497374
993 -41.70534105524382
994 -41.70534105524382
995 -41.75266824408058
996 -41.77878459375155
997 -41.77885288390119
998 -41.77885288390119
999 -41.803907007721634
