0 0.00941401890552451
1 -2.993818285036514
2 -4.556367410041008
3 -6.0649783224888285
4 -7.434315036902725
5 -8.621833271442478
6 -9.497551181678947
7 -10.82167948898166
8 -11.621575179126683
9 -12.801034518291798
10 -12.94019236718006
11 -13.68380113553664
12 -14.603103861564158
13 -15.330163700530901
14 -16.084365345887555
15 -16.695330791470866
16 -17.474405893636956
17 -18.24310227505232
18 -18.437400488718936
19 -18.602445777514347
20 -19.066992068244872
21 -19.517712919663488
22 -19.70663135484981
23 -20.261437967630865
24 -21.311178645480048
25 -21.311377954046705
26 -21.725530555964202
27 -22.353917480516458
28 -22.743673816297235
29 -23.085385892182135
30 -23.830092004541974
31 -24.32086661862415
32 -24.3970230289177
33 -24.693137524066838
34 -24.891224157816207
35 -25.05479568358543
36 -25.331178934390525
37 -25.43872322161193
38 -25.673987710251524
39 -25.940499523155154
40 -26.153416877619037
41 -26.629891439232747
42 -26.991917128110682
43 -27.172291622200618
44 -27.45218667997929
45 -27.622062797859243
46 -27.9202681090475
47 -28.235377939666435
48 -28.466685199955254
49 -28.510648346120753
50 -28.738660201886997
51 -29.293641702144708
52 -29.689156649386955
53 -29.926701090115245
54 -30.350487280013418
55 -30.65957904911673
56 -31.00457312983762
57 -31.165434457041123
58 -31.30485304732838
59 -31.415686796846497
60 -31.659401421786434
61 -31.983584755895226
62 -32.1275265414229
63 -32.16875021218867
64 -32.298252980901204
65 -32.430319809886484
66 -32.66245774671921
67 -32.94965258180119
68 -33.16797994566913
69 -33.492053305845936
70 -33.80006035944894
71 -33.86589263339802
72 -33.97141589447088
73 -34.041172843533836
74 -34.17354008809315
75 -34.508613217876196
76 -34.548380636466014
77 -34.64836244744348
78 -34.89095048729394
79 -35.135819243706784
80 -35.221646973890245
81 -35.27718650848563
82 -35.41898052616779
83 -35.57230778316659
84 -35.70337682636015
85 -35.97186757129757
86 -36.20330826595489
87 -36.317966908243896
88 -36.41196018447521
89 -36.584247180642365
90 -36.76533167558782
91 -36.85870426082368
92 -37.09952429636839
93 -37.323944338420475
94 -37.46764231196787
95 -37.60070263100354
96 -37.72612339222844
97 -37.743452826731826
98 -37.819185835046696
99 -37.99468118716766
100 -38.237176604800375
101 -38.44458541055032
102 -38.56378760224549
103 -38.811205328069896
104 -38.92451396898758
105 -38.95204270243662
106 -39.02602567332686
107 -39.130044896540475
108 -39.137395600884474
109 -39.23762568521847
110 -39.4350057034023
111 -39.51095212880168
112 -39.62820966688443
113 -39.76917210147049
114 -39.80324693699268
115 -39.88094318469238
116 -39.99448690876965
117 -40.231955670215434
118 -40.25609774412942
119 -40.33912788421416
120 -40.4714165898901
121 -40.56181694392016
122 -40.64679216360429
123 -40.69529967668557
124 -40.73006449802946
125 -40.82714747633043
126 -40.90746111582212
127 -41.03338470565615
128 -41.22783115164699
129 -41.278870959406504
130 -41.347327274539495
131 -41.43815019409995
132 -41.47626671655719
133 -41.559627898406504
134 -41.65352357489446
135 -41.73612567857063
136 -41.79878014047214
137 -41.816847513644916
138 -41.92461577721709
139 -42.040180322900724
140 -42.146653050984334
141 -42.215723703605505
142 -42.30025625524584
143 -42.39676305028278
144 -42.50616157350517
145 -42.57446334494625
146 -42.63873349820147
147 -42.72180634770564
148 -42.76089095227547
149 -42.902105029599554
150 -43.00649700874719
151 -43.1126863550583
152 -43.18031661308686
153 -43.23473716828959
154 -43.28019173027354
155 -43.39718077097687
156 -43.4599667142459
157 -43.57483687987407
158 -43.68524848945692
159 -43.80979814918629
160 -43.9279495454396
161 -44.02801463702961
162 -44.19414741881
163 -44.306640645732756
164 -44.41971163995824
165 -44.51201126469038
166 -44.5850981225051
167 -44.75396717141623
168 -44.900736591047036
169 -44.94215347350786
170 -44.99446907091176
171 -45.080425007265774
172 -45.223329950579085
173 -45.2973831041312
174 -45.348889750615704
175 -45.40484605546438
176 -45.53206463085829
177 -45.62780867543174
178 -45.74712767896122
179 -45.86157118375794
180 -45.910105395118094
181 -46.06225744594905
182 -46.15443478053496
183 -46.23538225877706
184 -46.25500783912686
185 -46.32249219728052
186 -46.38090097100033
187 -46.44758448635395
188 -46.56366618331931
189 -46.65571828040966
190 -46.69835722072179
191 -46.72979476266757
192 -46.74775639653371
193 -46.81050629839521
194 -46.937260875311
195 -46.980131536455765
196 -47.009035683599905
197 -47.0685418671072
198 -47.14118141558686
199 -47.198056515028426
200 -47.271798673880255
201 -47.395213944261435
202 -47.42023207583232
203 -47.4558519573905
204 -47.49479367772008
205 -47.55275463290961
206 -47.644150119424395
207 -47.72219875268998
208 -47.7775458880425
209 -47.82968922767883
210 -47.913041665548306
211 -47.92965897490329
212 -47.97743540076865
213 -47.993232466790055
214 -48.02583903342545
215 -48.10101325499389
216 -48.222321200178726
217 -48.340378292547676
218 -48.35233218979325
219 -48.42062001830196
220 -48.46722975430109
221 -48.50019560942981
222 -48.58401399568449
223 -48.66313792833094
224 -48.68803533034493
225 -48.74797790191027
226 -48.83124580009999
227 -48.83699882585144
228 -48.91181833994795
229 -48.9390993292315
230 -48.98797399685987
231 -49.06476475164864
232 -49.17056022395577
233 -49.31932233102569
234 -49.34539752399383
235 -49.378971680404675
236 -49.44341912742965
237 -49.503064884330385
238 -49.55603587209738
239 -49.6039720288874
240 -49.63326974199933
241 -49.67957551243408
242 -49.70451796882193
243 -49.721447861862316
244 -49.76377427685949
245 -49.818122134162074
246 -49.84276856653247
247 -49.84497579706153
248 -49.88840058435581
249 -49.98359779976613
250 -50.035128330470826
251 -50.056047317682506
252 -50.10847340085044
253 -50.170627079084866
254 -50.228140940770224
255 -50.286588712596235
256 -50.34072006625147
257 -50.437770057955575
258 -50.5107069378539
259 -50.55350177226638
260 -50.573838774109674
261 -50.584679127084144
262 -50.646231502707565
263 -50.67903958051622
264 -50.7177180220292
265 -50.739599923760395
266 -50.76143143181582
267 -50.80579458084836
268 -50.88174773876783
269 -50.9268212915531
270 -50.94604470998743
271 -50.975907980377684
272 -51.01731121771172
273 -51.07896350043144
274 -51.090058096365354
275 -51.111959111777566
276 -51.1542332273726
277 -51.21361655254331
278 -51.26388475497864
279 -51.31144394119741
280 -51.373335197743344
281 -51.42652417339646
282 -51.43107440889625
283 -51.45915250132174
284 -51.4888261996486
285 -51.52101997749618
286 -51.55810377017054
287 -51.56277133627765
288 -51.588044071548666
289 -51.624824091098716
290 -51.66015739178273
291 -51.712354884715026
292 -51.76334984194661
293 -51.76896041698637
294 -51.80522201432285
295 -51.84352701780044
296 -51.871396453839594
297 -51.93765677427911
298 -51.96939932809157
299 -52.00218450931049
300 -52.06097913286612
301 -52.122922068240754
302 -52.18758648197037
303 -52.208893324744565
304 -52.23170187238437
305 -52.272124151588024
306 -52.29439649888036
307 -52.30336472690084
308 -52.332507318727444
309 -52.35640913337183
310 -52.37147439702966
311 -52.387240493924
312 -52.41520023381486
313 -52.425720935243255
314 -52.444002307100135
315 -52.470715833539174
316 -52.50607157455789
317 -52.537505994749935
318 -52.58197021030779
319 -52.5824485699682
320 -52.60502402102163
321 -52.657924975993915
322 -52.67604186522829
323 -52.700509178012595
324 -52.71717546546461
325 -52.74270702054611
326 -52.801941559646174
327 -52.851314294465226
328 -52.879252753382765
329 -52.89567343107716
330 -52.907184155454345
331 -52.93198300573316
332 -52.95121441355346
333 -52.954382215752446
334 -52.97660193833597
335 -52.98858044385445
336 -53.00539943381982
337 -53.02687936503152
338 -53.04646362974353
339 -53.07284285437137
340 -53.111921916622705
341 -53.14353034863642
342 -53.178895856415764
343 -53.20384540321284
344 -53.246326941350745
345 -53.269828412696185
346 -53.27691427070472
347 -53.300545316376095
348 -53.34667843336
349 -53.37417884697531
350 -53.3971229835567
351 -53.40392021332242
352 -53.40517620521649
353 -53.41092962919531
354 -53.41646736507187
355 -53.43510641776177
356 -53.46068270840287
357 -53.47375434394087
358 -53.49237932467598
359 -53.51651516037596
360 -53.525727404240655
361 -53.53309696440364
362 -53.542841835094414
363 -53.56323177655422
364 -53.576391171757095
365 -53.59610262712769
366 -53.61204518514444
367 -53.63167680949579
368 -53.64643852048928
369 -53.66137698463768
370 -53.69467530193134
371 -53.731369950812336
372 -53.73807575263713
373 -53.76488439618049
374 -53.79410350620377
375 -53.810734699205
376 -53.81625856810143
377 -53.82057204039528
378 -53.825591664323994
379 -53.83071949045737
380 -53.84354394468076
381 -53.8620119972923
382 -53.86882204268606
383 -53.88115179574696
384 -53.8907544311033
385 -53.906475098287196
386 -53.92348571553106
387 -53.929745178520825
388 -53.93304598122637
389 -53.94666502673648
390 -53.97158950566903
391 -53.99524867836658
392 -54.008865523480196
393 -54.02071675688416
394 -54.032105784841235
395 -54.03620213796927
396 -54.0485421485174
397 -54.06720017097368
398 -54.093718936848816
399 -54.10181354497648
400 -54.10538540510431
401 -54.11560446608365
402 -54.133409694279905
403 -54.15256813463516
404 -54.15828352747644
405 -54.16047734687119
406 -54.17272416488555
407 -54.19636356677721
408 -54.22023523822709
409 -54.224683642867305
410 -54.22917329645733
411 -54.23022025991419
412 -54.23869254603892
413 -54.26416193914924
414 -54.27480014555435
415 -54.27774733170577
416 -54.287599494429955
417 -54.309997685406124
418 -54.32033974550065
419 -54.330549746506314
420 -54.33270737416433
421 -54.35189876533458
422 -54.35777341807741
423 -54.36133828209026
424 -54.369205877450284
425 -54.383051153679446
426 -54.384591204154546
427 -54.39393189112131
428 -54.416513144826254
429 -54.4399685370758
430 -54.461420643844306
431 -54.48226680100572
432 -54.5027811514136
433 -54.51267719699973
434 -54.52097774923166
435 -54.53138514007405
436 -54.53667677705168
437 -54.54675810228042
438 -54.55998349790181
439 -54.57980371940597
440 -54.59364507693648
441 -54.597584983748874
442 -54.601401397719094
443 -54.602962184099
444 -54.61139166600405
445 -54.619906382663686
446 -54.62885673303799
447 -54.642332681350624
448 -54.65442064433972
449 -54.65890054702724
450 -54.66532640535229
451 -54.66592854665731
452 -54.67579247342218
453 -54.690818663421695
454 -54.700330841813766
455 -54.70402382090391
456 -54.710196377787234
457 -54.72829227466778
458 -54.73116532481187
459 -54.7452483391704
460 -54.760289506577415
461 -54.770047113299285
462 -54.776983808184724
463 -54.788466926990765
464 -54.79460137339167
465 -54.79851459354649
466 -54.79942780578455
467 -54.805176456436214
468 -54.81887946160958
469 -54.82898812732478
470 -54.840780036659666
471 -54.84781079379853
472 -54.86200901626823
473 -54.87232801918567
474 -54.882132441107004
475 -54.89125895506832
476 -54.9029937381112
477 -54.905092591947486
478 -54.90553138600265
479 -54.905826538268485
480 -54.90612692138119
481 -54.910463011843355
482 -54.9203723516789
483 -54.93187409225454
484 -54.93687033583243
485 -54.94153616104024
486 -54.94964930616652
487 -54.95837198217819
488 -54.96814103666475
489 -54.971036136975336
490 -54.97174798583285
491 -54.97188656389294
492 -54.97560740980164
493 -54.9846967779752
494 -54.98638157293088
495 -54.986591019152726
496 -54.990339860001406
497 -54.992602023238085
498 -54.9977198857843
499 -55.00721110063999
500 -55.009253951601586
501 -55.01081218846796
502 -55.014703392807476
503 -55.0219430139702
504 -55.02481198484951
505 -55.02935903994788
506 -55.03992923152736
507 -55.042577421326996
508 -55.04644536857182
509 -55.05690596161328
510 -55.05996103112365
511 -55.06671849226392
512 -55.07702524887691
513 -55.079331490082716
514 -55.082601720704346
515 -55.09274497116132
516 -55.093499887613206
517 -55.100456988432455
518 -55.10170622704379
519 -55.103709791388255
520 -55.108336890461175
521 -55.11559274790169
522 -55.1191960545255
523 -55.12746491136307
524 -55.13646674603268
525 -55.13871468964943
526 -55.13898571031332
527 -55.13468640853746
528 -55.13999101957096
529 -55.14002229666589
530 -55.14258485193561
531 -55.133596025970164
532 -55.13359602597018
533 -55.13359602597018
534 -55.13359602597018
535 -55.13359602597018
536 -55.13359602597018
537 -55.13359602597018
538 -55.13359602597018
539 -55.13359602597018
540 -55.13359602597018
541 -55.13359602597018
542 -55.13359602597018
543 -55.13359602597018
544 -55.13359602597018
545 -55.13359602597018
546 -55.13359602597018
547 -55.13359602597018
548 -55.13359602597018
549 -55.13359602597018
550 -55.13359602597018
551 -55.13359602597018
552 -55.13359602597018
553 -55.13359602597018
554 -55.13359602597018
555 -55.13359602597018
556 -55.13359602597018
557 -55.13359602597018
558 -55.13359602597018
559 -55.13359602597018
560 -55.13359602597018
561 -55.13359602597018
562 -55.13359602597018
563 -55.13359602597018
564 -55.13359602597018
565 -55.13359602597018
566 -55.13359602597018
567 -55.13359602597018
568 -55.13359602597018
569 -55.13359602597018
570 -55.13359602597018
571 -55.13359602597018
572 -55.13359602597018
573 -55.13359602597018
574 -55.13359602597018
575 -55.13359602597018
576 -55.13359602597018
577 -55.13359602597018
578 -55.13359602597018
579 -55.13359602597018
580 -55.13359602597018
581 -55.13359602597018
582 -55.13359602597018
583 -55.13359602597018
584 -55.13359602597018
585 -55.13359602597018
586 -55.13359602597018
587 -55.13359602597018
588 -55.13359602597018
589 -55.13359602597018
590 -55.13359602597018
591 -55.13359602597018
592 -55.13359602597018
593 -55.13359602597018
594 -55.13359602597018
595 -55.13359602597018
596 -55.13359602597018
597 -55.13359602597018
598 -55.13359602597018
599 -55.13359602597018
600 -55.13359602597018
601 -55.13359602597018
602 -55.13359602597018
603 -55.13359602597018
604 -55.13359602597018
605 -55.13359602597018
606 -55.13359602597018
607 -55.13359602597018
608 -55.13359602597018
609 -55.13359602597018
610 -55.13359602597018
611 -55.13359602597018
612 -55.13359602597018
613 -55.13359602597018
614 -55.13359602597018
615 -55.13359602597018
616 -55.13359602597018
617 -55.13359602597018
618 -55.13359602597018
619 -55.13359602597018
620 -55.13359602597018
621 -55.13359602597018
622 -55.13359602597018
623 -55.13359602597018
624 -55.13359602597018
625 -55.13359602597018
626 -55.13359602597018
627 -55.13359602597018
628 -55.13359602597018
629 -55.13359602597018
630 -55.13359602597018
631 -55.13359602597018
632 -55.13359602597018
633 -55.13359602597018
634 -55.13359602597018
635 -55.13359602597018
636 -55.13359602597018
637 -55.13359602597018
638 -55.13359602597018
639 -55.13359602597018
640 -55.13359602597018
641 -55.13359602597018
642 -55.13359602597018
643 -55.13359602597018
644 -55.13359602597018
645 -55.13359602597018
646 -55.13359602597018
647 -55.13359602597018
648 -55.13359602597018
649 -55.13359602597018
650 -55.13359602597018
651 -55.13359602597018
652 -55.13359602597018
653 -55.13359602597018
654 -55.13359602597018
655 -55.13359602597018
656 -55.13359602597018
657 -55.13359602597018
658 -55.13359602597018
659 -55.13359602597018
660 -55.13359602597018
661 -55.13359602597018
662 -55.13359602597018
663 -55.13359602597018
664 -55.13359602597018
665 -55.13359602597018
666 -55.13359602597018
667 -55.13359602597018
668 -55.13359602597018
669 -55.13359602597018
670 -55.13359602597018
671 -55.13359602597018
672 -55.13359602597018
673 -55.13359602597018
674 -55.13359602597018
675 -55.13359602597018
676 -55.13359602597018
677 -55.13359602597018
678 -55.13359602597018
679 -55.13359602597018
680 -55.13359602597018
681 -55.13359602597018
682 -55.13359602597018
683 -55.13359602597018
684 -55.13359602597018
685 -55.13359602597018
686 -55.13359602597018
687 -55.13359602597018
688 -55.13359602597018
689 -55.13359602597018
690 -55.13359602597018
691 -55.13359602597018
692 -55.13359602597018
693 -55.13359602597018
694 -55.13359602597018
695 -55.13359602597018
696 -55.13359602597018
697 -55.13359602597018
698 -55.13359602597018
699 -55.13359602597018
700 -55.13359602597018
701 -55.13359602597018
702 -55.13359602597018
703 -55.13359602597018
704 -55.13359602597018
705 -55.13359602597018
706 -55.13359602597018
707 -55.13359602597018
708 -55.13359602597018
709 -55.13359602597018
710 -55.13359602597018
711 -55.13359602597018
712 -55.13359602597018
713 -55.13359602597018
714 -55.13359602597018
715 -55.13359602597018
716 -55.13359602597018
717 -55.13359602597018
718 -55.13359602597018
719 -55.13359602597018
720 -55.13359602597018
721 -55.13359602597018
722 -55.13359602597018
723 -55.13359602597018
724 -55.13359602597018
725 -55.13359602597018
726 -55.13359602597018
727 -55.13359602597018
728 -55.13359602597018
729 -55.13359602597018
730 -55.13359602597018
731 -55.13359602597018
732 -55.13359602597018
733 -55.13359602597018
734 -55.13359602597018
735 -55.13359602597018
736 -55.13359602597018
737 -55.13359602597018
738 -55.13359602597018
739 -55.13359602597018
740 -55.13359602597018
741 -55.13359602597018
742 -55.13359602597018
743 -55.13359602597018
744 -55.13359602597018
745 -55.13359602597018
746 -55.13359602597018
747 -55.13359602597018
748 -55.13359602597018
749 -55.13359602597018
750 -55.13359602597018
751 -55.13359602597018
752 -55.13359602597018
753 -55.13359602597018
754 -55.13359602597018
755 -55.13359602597018
756 -55.13359602597018
757 -55.13359602597018
758 -55.13359602597018
759 -55.13359602597018
760 -55.13359602597018
761 -55.13359602597018
762 -55.13359602597018
763 -55.13359602597018
764 -55.13359602597018
765 -55.13359602597018
766 -55.13359602597018
767 -55.13359602597018
768 -55.13359602597018
769 -55.13359602597018
770 -55.13359602597018
771 -55.13359602597018
772 -55.13359602597018
773 -55.13359602597018
774 -55.13359602597018
775 -55.13359602597018
776 -55.13359602597018
777 -55.13359602597018
778 -55.13359602597018
779 -55.13359602597018
780 -55.13359602597018
781 -55.13359602597018
782 -55.13359602597018
783 -55.13359602597018
784 -55.13359602597018
785 -55.13359602597018
786 -55.13359602597018
787 -55.13359602597018
788 -55.13359602597018
789 -55.13359602597018
790 -55.13359602597018
791 -55.13359602597018
792 -55.13359602597018
793 -55.13359602597018
794 -55.13359602597018
795 -55.13359602597018
796 -55.13359602597018
797 -55.13359602597018
798 -55.13359602597018
799 -55.13359602597018
800 -55.13359602597018
801 -55.13359602597018
802 -55.13359602597018
803 -55.13359602597018
804 -55.13359602597018
805 -55.13359602597018
806 -55.13359602597018
807 -55.13359602597018
808 -55.13359602597018
809 -55.13359602597018
810 -55.13359602597018
811 -55.13359602597018
812 -55.13359602597018
813 -55.13359602597018
814 -55.13359602597018
815 -55.13359602597018
816 -55.13359602597018
817 -55.13359602597018
818 -55.13359602597018
819 -55.13359602597018
820 -55.13359602597018
821 -55.13359602597018
822 -55.13359602597018
823 -55.13359602597018
824 -55.13359602597018
825 -55.13359602597018
826 -55.13359602597018
827 -55.13359602597018
828 -55.13359602597018
829 -55.13359602597018
830 -55.13359602597018
831 -55.13359602597018
832 -55.13359602597018
833 -55.13359602597018
834 -55.13359602597018
835 -55.13359602597018
836 -55.13359602597018
837 -55.13359602597018
838 -55.13359602597018
839 -55.13359602597018
840 -55.13359602597018
841 -55.13359602597018
842 -55.13359602597018
843 -55.13359602597018
844 -55.13359602597018
845 -55.13359602597018
846 -55.13359602597018
847 -55.13359602597018
848 -55.13359602597018
849 -55.13359602597018
850 -55.13359602597018
851 -55.13359602597018
852 -55.13359602597018
853 -55.13359602597018
854 -55.13359602597018
855 -55.13359602597018
856 -55.13359602597018
857 -55.13359602597018
858 -55.13359602597018
859 -55.13359602597018
860 -55.13359602597018
861 -55.13359602597018
862 -55.13359602597018
863 -55.13359602597018
864 -55.13359602597018
865 -55.13359602597018
866 -55.13359602597018
867 -55.13359602597018
868 -55.13359602597018
869 -55.13359602597018
870 -55.13359602597018
871 -55.13359602597018
872 -55.13359602597018
873 -55.13359602597018
874 -55.13359602597018
875 -55.13359602597018
876 -55.13359602597018
877 -55.13359602597018
878 -55.13359602597018
879 -55.13359602597018
880 -55.13359602597018
881 -55.13359602597018
882 -55.13359602597018
883 -55.13359602597018
884 -55.13359602597018
885 -55.13359602597018
886 -55.13359602597018
887 -55.13359602597018
888 -55.13359602597018
889 -55.13359602597018
890 -55.13359602597018
891 -55.13359602597018
892 -55.13359602597018
893 -55.13359602597018
894 -55.13359602597018
895 -55.13359602597018
896 -55.13359602597018
897 -55.13359602597018
898 -55.13359602597018
899 -55.13359602597018
900 -55.13359602597018
901 -55.13359602597018
902 -55.13359602597018
903 -55.13359602597018
904 -55.13359602597018
905 -55.13359602597018
906 -55.13359602597018
907 -55.13359602597018
908 -55.13359602597018
909 -55.13359602597018
910 -55.13359602597018
911 -55.13359602597018
912 -55.13359602597018
913 -55.13359602597018
914 -55.13359602597018
915 -55.13359602597018
916 -55.13359602597018
917 -55.13359602597018
918 -55.13359602597018
919 -55.13359602597018
920 -55.13359602597018
921 -55.13359602597018
922 -55.13359602597018
923 -55.13359602597018
924 -55.13359602597018
925 -55.13359602597018
926 -55.13359602597018
927 -55.13359602597018
928 -55.13359602597018
929 -55.13359602597018
930 -55.13359602597018
931 -55.13359602597018
932 -55.13359602597018
933 -55.13359602597018
934 -55.13359602597018
935 -55.13359602597018
936 -55.13359602597018
937 -55.13359602597018
938 -55.13359602597018
939 -55.13359602597018
940 -55.13359602597018
941 -55.13359602597018
942 -55.13359602597018
943 -55.13359602597018
944 -55.13359602597018
945 -55.13359602597018
946 -55.13359602597018
947 -55.13359602597018
948 -55.13359602597018
949 -55.13359602597018
950 -55.13359602597018
951 -55.13359602597018
952 -55.13359602597018
953 -55.13359602597018
954 -55.13359602597018
955 -55.13359602597018
956 -55.13359602597018
957 -55.13359602597018
958 -55.13359602597018
959 -55.13359602597018
960 -55.13359602597018
961 -55.13359602597018
962 -55.13359602597018
963 -55.13359602597018
964 -55.13359602597018
965 -55.13359602597018
966 -55.13359602597018
967 -55.13359602597018
968 -55.13359602597018
969 -55.13359602597018
970 -55.13359602597018
971 -55.13359602597018
972 -55.13359602597018
973 -55.13359602597018
974 -55.13359602597018
975 -55.13359602597018
976 -55.13359602597018
977 -55.13359602597018
978 -55.13359602597018
979 -55.13359602597018
980 -55.13359602597018
981 -55.13359602597018
982 -55.13359602597018
983 -55.13359602597018
984 -55.13359602597018
985 -55.13359602597018
986 -55.13359602597018
987 -55.13359602597018
988 -55.13359602597018
989 -55.13359602597018
990 -55.13359602597018
991 -55.13359602597018
992 -55.13359602597018
993 -55.13359602597018
994 -55.13359602597018
995 -55.13359602597018
996 -55.13359602597018
997 -55.13359602597018
998 -55.13359602597018
999 -55.13359602597018
