-5.751503006012024	2.0431700935117876	2.41282031248297	
5.631262525050099	0.4246586820753392	0.729380626990257	
-9.879759519038076	0.5036637143093516	0.4189647944984294	
-7.7955911823647295	1.1091028310626478	1.5612523360977226	
3.066132264529058	0.17660410185209197	-0.16694499895975048	
-7.474949899799599	1.5729879786371834	1.9128252741259195	
9.358717434869739	0.8592982556684937	0.7047021150399722	
-2.585170340681363	1.5500266636332978	1.8387394763443201	
2.825651302605209	0.1685472197733059	-0.17354471874339997	
-0.6212424849699403	0.5743600919874241	0.7732096604628234	
9.118236472945892	0.9439345524344764	0.4416878463037549	
-9.599198396793588	0.5403030336599273	0.9016258168426271	
7.9959919839679365	1.2318799915388439	0.8306574133487854	
5.591182364729459	0.40382307177781496	0.22133732740121215	
-2.104208416833668	1.1195910976956656	1.1364758990008577	
9.07815631262525	0.9542015389519694	1.2416299067914494	
3.747494989979959	0.02525222351239187	0.3727598706607118	
-8.396793587174349	0.5351919194350223	1.0401250526794485	
7.194388777555108	1.9269803305143371	1.9371220556008057	
5.470941883767534	0.35550332447106026	0.09207298238705057	
-9.639278557114228	0.5336075825726212	0.4254915488363302	
-7.715430861723447	1.2274389239841008	1.4082353508485912	
-2.1442885771543088	1.1577002838100672	0.8938796788208496	
-5.831663326653307	1.9596116790880251	2.157836300734963	
-6.352705410821644	1.7494559787685868	1.6594971514936094	
4.06813627254509	0.023727084650753016	-0.08449384894397127	
7.23446893787575	1.9137458127790268	2.018296969060264	
6.673346693386772	1.6723715903404157	1.4103187591203523	
3.7074148296593172	0.03234637858066358	-0.3647776252192326	
3.026052104208416	0.17861961645660707	-0.4841670818687537	
-0.5811623246492985	0.6018311282695213	1.274869897001413	
0.7815631262525038	1.072974622727469	0.47089042625330635	
-3.3867735470941884	1.9197225555288717	2.0801016320934207	
6.152304609218437	0.9412960613883926	1.1661716872691374	
-9.559118236472946	0.5470098216022343	0.5392108879538005	
0.1402805611222444	1.0862649286316979	0.8188850717329199	
-1.382765531062125	0.5194556088764108	0.271868400626266	
4.7895791583166325	0.24115162341355012	0.09188231236488845	
6.312625250501	1.171948430043084	0.7302168320806967	
-0.9418837675350709	0.4305995255398235	0.6826496294341452	
-2.825651302605211	1.7181713268862397	2.3570246552458567	
5.991983967935871	0.7359224323813138	0.9048234198207972	
8.597194388777556	1.0028457908228217	1.0496593747432472	
-10.0	0.5020192850832248	0.2855711155515286	
2.304609218436873	0.09463610422775237	0.006250027643688969	
2.3847695390781567	0.09808074425988234	-0.13072027664015778	
-4.509018036072145	2.3596873828321927	2.5599659767855423	
8.116232464929858	1.1439183891773812	1.1336051882403622	
-7.434869739478958	1.624333027513031	1.3973938515615112	
7.635270541082164	1.5920867806915693	1.5094218918750297	
7.755511022044086	1.4636773937076857	1.498182910668293	
4.268537074148297	0.07241411591852753	-0.01978560231819712	
-2.745490981963928	1.6672083432374176	2.1086008772950717	
9.919839679358716	0.6533610330667381	0.12093799806292055	
-0.38076152304609323	0.7542773512077118	0.9268208339702685	
7.074148296593187	1.9385759153355755	2.0823983617612867	
-5.030060120240481	2.618390406384195	2.6710375875326147	
2.54509018036072	0.12010777872368927	0.36727208894476326	
4.669338677354709	0.20906110021720836	0.4372255655814802	
4.148296593186371	0.03939036450151123	0.31595942990316694	
8.75751503006012	0.9956845984372503	1.408934088148325	
-0.3006012024048097	0.8172033127183996	0.23183167884832756	
-4.228456913827656	2.1540562725459043	2.181584836938472	
-8.47695390781563	0.5159648576155895	0.9230810466515599	
2.4248496993987967	0.10202808813051756	0.020786065337393994	
7.595190380761522	1.634167096283192	1.235844040828588	
1.1422845691382761	0.8500615135704198	0.3727817812395856	
-0.9819639278557126	0.4245486579414046	0.5709025267389016	
5.671342685370741	0.44809632838076763	-0.1113002554442371	
8.797595190380761	0.9935493971392871	1.4405214392003907	
-5.511022044088176	2.3155321839675196	2.8158242899395995	
3.987975951903808	0.014232497362191454	-0.05409268514767003	
3.5871743486973937	0.06009273091135603	0.33459299701909384	
-3.1462925851703414	1.8647048104822814	1.8420268954962564	
-5.991983967935872	1.8258065507507126	1.8835255561043296	
-2.50501002004008	1.484879887110227	1.0582909374005012	
3.1863727454909814	0.16228750692603733	-0.3897095976647804	
-8.236472945891784	0.6139862412523246	1.1273383897320906	
-4.66933867735471	2.479757617503867	2.6976052213609227	
8.837675350701403	0.9908376379762752	0.6946230120402213	
4.829659318637274	0.2500512429923415	-0.20383425712749825	
8.196392785571142	1.0982518054951012	1.3765190537472405	
9.198396793587175	0.9197740848401993	0.9186494148932052	
-1.823647294589179	0.8562772490496495	0.4498989009216694	
7.515030060120239	1.7146296265420924	1.9406178222604717	
8.877755511022045	0.9873675199931078	1.1603285030070627	
8.236472945891784	1.0793391332154585	0.9873998550846532	
9.318637274549097	0.8756388403795883	0.45390643686239934	
-8.71743486973948	0.5173237818530778	1.5224882261141015	
-8.276553106212425	0.5889028392703146	0.6505756133735339	
3.6272545090180355	0.04994357175739039	-0.2670376531942682	
5.190380761523045	0.3004556083208677	-0.21867180979978879	
-1.623246492985972	0.684265409165348	0.7216144119933798	
-6.513026052104209	1.8017860189990111	1.8213235067898597	
5.551102204408817	0.3854582804946738	0.6303443546274455	
-4.909819639278557	2.602677984419537	3.147171423553515	
6.513026052104209	1.464529582749926	1.3470181159911552	
1.7434869739478955	0.3133565730708202	0.44159417805989476	
7.314629258517034	1.8743597635083393	1.7161010930322114	
-6.8737474949899795	1.936042272209951	2.17776935451838	
-7.875751503006012	0.9953248262287853	0.9721977512769905	
8.436873747494989	1.019889124203417	1.3761647451463146	
-4.5490981963927855	2.3908541052237187	2.5991198170632193	
-9.719438877755511	0.5209889730242381	1.2545841917166676	
-2.985971943887776	1.8030425237187262	1.8358190847258913	
-8.036072144288577	0.7940070998577726	1.2880091747243478	
1.222444889779558	0.782901374977532	0.14390447724564084	
0.22044088176352616	1.1124701360768154	1.2074178163043496	
-0.26052104208416793	0.8480275070395513	1.0003499360710226	
-3.3466933867735476	1.9130130410618398	2.4390030853422893	
-1.7434869739478955	0.7849017586948426	0.1817730014428518	
10.0	0.6415901902648476	0.319267305154818	
-1.9839679358717444	1.0053115309369522	0.13803135155274615	
2.785571142284569	0.16309616345857303	0.10253596893710533	
2.1843687374749496	0.10341317385463433	0.12920749909076734	
-9.478957915831664	0.5597249593776654	0.9829746651726912	
-6.833667334669339	1.9281625930566617	2.5097395800712707	
-3.5470941883767537	1.9412082345208428	1.6470601756842054	
-7.354709418837675	1.7178794676625264	1.3067410560760893	
-7.755511022044088	1.167921224966375	1.2671177283764676	
4.028056112224448	0.0181683981542613	-0.32479301337757044	
-4.7494989979959925	2.5313614539147977	3.023002365756099	
5.390781563126252	0.33332862012970454	0.027491134555002905	
4.228456913827655	0.060333162317978584	-0.2951421709800188	
3.3466933867735467	0.12698082198598215	-0.28612164184928496	
-2.7054108216432873	1.6397304976381628	1.5949864725976561	
-4.98997995991984	2.617238956063293	2.729184550191119	
3.1462925851703396	0.16839001660838437	0.05795095623484777	
3.9078156312625243	0.011385824947734102	-0.3493442686473036	
1.5831663326653302	0.44935308953926445	-0.10039562255417835	
3.6673346693386772	0.04063291579922179	0.5773659640505509	
6.8336673346693395	1.8310363561046321	1.516375006383258	
-1.182364729458918	0.4381998968822358	0.8738152588805214	
-0.020040080160320883	1.0104301797502764	1.1388470896754446	
9.839679358717433	0.6714308015189858	0.9601354782580944	
-4.709418837675351	2.5065842411300507	3.171532176265218	
2.6252505010020037	0.13498727458865056	0.21124393652338763	
0.9018036072144291	1.0148932942545403	0.8938574307664865	
4.108216432865731	0.030834417470174902	0.1385063799443919	
-5.95190380761523	1.8541818867695847	2.1699398940570545	
2.6653306613226455	0.1425578578468082	-0.431567215690656	
4.348697394789578	0.0989219047958072	0.3224004763843728	
4.869739478957916	0.2580518521587467	0.07414792748470846	
9.478957915831664	0.8076169463130717	0.9824266752743669	
-2.3847695390781567	1.3807397734329023	1.807698370774501	
4.308617234468937	0.08533879600476035	0.27518318154650556	
9.278557114228455	0.8912582817737892	0.8595764189169893	
6.553106212424851	1.5198466988174044	1.5152065608950656	
4.909819639278556	0.2651964774637494	-0.016757812871623406	
9.39879759519038	0.8423972382705837	0.954799395604245	
